0.00101561 0.00200621 0.00294741 0.00381603 0.0045907 0.00525232 0.00578462 0.00617447 0.0064123 0.00649223 0.0064123 0.00617447 0.00578462 0.00525232 0.0045907 0.00381603 0.00294741 0.00200621 0.00101561 
0.00449279 0.00887495 0.0130386 0.0168812 0.0203081 0.0232349 0.0255896 0.0273143 0.0283663 0.0287199 0.0283663 0.0273143 0.0255896 0.0232349 0.0203081 0.0168812 0.0130386 0.00887495 0.00449279 
0.0104304 0.020604 0.0302702 0.039191 0.0471469 0.0539418 0.0594086 0.0634124 0.0658549 0.0666758 0.0658549 0.0634124 0.0594086 0.0539418 0.0471469 0.039191 0.0302702 0.020604 0.0104304 
0.0188081 0.0371531 0.0545832 0.0706693 0.0850153 0.097268 0.107126 0.114345 0.11875 0.12023 0.11875 0.114345 0.107126 0.097268 0.0850153 0.0706693 0.0545832 0.0371531 0.0188081 
0.0295637 0.0583994 0.0857972 0.111082 0.133632 0.152892 0.168386 0.179735 0.186658 0.188985 0.186658 0.179735 0.168386 0.152892 0.133632 0.111082 0.0857972 0.0583994 0.0295637 
0.042562 0.084076 0.12352 0.159922 0.192387 0.220114 0.242421 0.258759 0.268726 0.272076 0.268726 0.258759 0.242421 0.220114 0.192387 0.159922 0.12352 0.084076 0.042562 
0.0575562 0.113695 0.167035 0.216261 0.260163 0.297658 0.327824 0.349918 0.363396 0.367925 0.363396 0.349918 0.327824 0.297658 0.260163 0.216261 0.167035 0.113695 0.0575562 
0.0741442 0.146463 0.215175 0.278589 0.335143 0.383444 0.422304 0.450766 0.468128 0.473963 0.468128 0.450766 0.422304 0.383444 0.335143 0.278589 0.215175 0.146463 0.0741442 
0.0917235 0.181188 0.266192 0.344641 0.414604 0.474357 0.522431 0.557641 0.579119 0.586338 0.579119 0.557641 0.522431 0.474357 0.414604 0.344641 0.266192 0.181188 0.0917235 
0.109451 0.216207 0.31764 0.411251 0.494735 0.566038 0.623403 0.665417 0.691047 0.699661 0.691047 0.665417 0.623403 0.566038 0.494735 0.411251 0.31764 0.216207 0.109451 
0.126217 0.249326 0.366295 0.474246 0.570519 0.652743 0.718895 0.767346 0.796902 0.806835 0.796902 0.767346 0.718895 0.652743 0.570519 0.474246 0.366295 0.249326 0.126217 
0.140641 0.277819 0.408156 0.528443 0.635719 0.72734 0.801052 0.855039 0.887973 0.899042 0.887973 0.855039 0.801052 0.72734 0.635719 0.528443 0.408156 0.277819 0.140641 
0.151112 0.298502 0.438543 0.567785 0.683047 0.781489 0.860689 0.918696 0.954081 0.965974 0.954081 0.918696 0.860689 0.781489 0.683047 0.567785 0.438543 0.298502 0.151112 
0.155872 0.307905 0.452357 0.585671 0.704563 0.806107 0.887801 0.947635 0.984135 0.996402 0.984135 0.947635 0.887801 0.806107 0.704563 0.585671 0.452357 0.307905 0.155872 
0.153173 0.302575 0.444527 0.575532 0.692367 0.792152 0.872433 0.931231 0.967099 0.979154 0.967099 0.931231 0.872433 0.792152 0.692367 0.575532 0.444527 0.302575 0.153173 
0.141502 0.279519 0.410654 0.531677 0.639608 0.73179 0.805953 0.860271 0.893406 0.904543 0.893406 0.860271 0.805953 0.73179 0.639608 0.531677 0.410654 0.279519 0.141502 
0.119863 0.236775 0.347857 0.450373 0.5418 0.619885 0.682707 0.728719 0.756787 0.766221 0.756787 0.728719 0.682707 0.619885 0.5418 0.450373 0.347857 0.236775 0.119863 
0.0881215 0.174073 0.255738 0.331107 0.398322 0.455729 0.501915 0.535742 0.556377 0.563312 0.556377 0.535742 0.501915 0.455729 0.398322 0.331107 0.255738 0.174073 0.0881215 
0.0473298 0.0934942 0.137356 0.177837 0.213938 0.244771 0.269577 0.287746 0.298829 0.302554 0.298829 0.287746 0.269577 0.244771 0.213938 0.177837 0.137356 0.0934942 0.0473298 
