-0.000120491 -0.000240506 -0.000359571 -0.000477218 -0.000592982 -0.000706405 -0.00081704 -0.000924451 -0.00102821 -0.00112792 -0.00122317 -0.0013136 -0.00139884 -0.00147856 -0.00155245 -0.00162021 -0.00168157 -0.0017363 -0.00178418 -0.00182501 -0.00185864 -0.00188494 -0.0019038 -0.00191514 -0.00191893 -0.00191514 -0.0019038 -0.00188494 -0.00185864 -0.00182501 -0.00178418 -0.0017363 -0.00168157 -0.00162021 -0.00155245 -0.00147856 -0.00139884 -0.0013136 -0.00122317 -0.00112792 -0.00102821 -0.000924451 -0.00081704 -0.000706405 -0.000592982 -0.000477218 -0.000359571 -0.000240506 -0.000120491 
-8.23908e-05 -0.000164456 -0.000245873 -0.000326319 -0.000405478 -0.000483036 -0.000558688 -0.000632134 -0.000703087 -0.000771264 -0.000836398 -0.00089823 -0.000956518 -0.00101103 -0.00106155 -0.00110789 -0.00114985 -0.00118727 -0.00122001 -0.00124793 -0.00127093 -0.00128891 -0.00130181 -0.00130956 -0.00131215 -0.00130956 -0.00130181 -0.00128891 -0.00127093 -0.00124793 -0.00122001 -0.00118727 -0.00114985 -0.00110789 -0.00106155 -0.00101103 -0.000956518 -0.00089823 -0.000836398 -0.000771264 -0.000703087 -0.000632134 -0.000558688 -0.000483036 -0.000405478 -0.000326319 -0.000245873 -0.000164456 -8.23908e-05 
0.000115068 0.000229682 0.00034339 0.000455742 0.000566296 0.000674615 0.000780271 0.000882849 0.000981941 0.00107716 0.00116813 0.00125448 0.00133589 0.00141202 0.00148258 0.00154729 0.0016059 0.00165816 0.00170388 0.00174288 0.001775 0.00180011 0.00181812 0.00182896 0.00183257 0.00182896 0.00181812 0.00180011 0.001775 0.00174288 0.00170388 0.00165816 0.0016059 0.00154729 0.00148258 0.00141202 0.00133589 0.00125448 0.00116813 0.00107716 0.000981941 0.000882849 0.000780271 0.000674615 0.000566296 0.000455742 0.00034339 0.000229682 0.000115068 
0.000472618 0.00094337 0.0014104 0.00187186 0.00232594 0.00277084 0.0032048 0.00362611 0.00403311 0.0044242 0.00479782 0.00515252 0.00548687 0.00579957 0.00608939 0.00635517 0.00659587 0.00681054 0.00699833 0.0071585 0.00729043 0.00739358 0.00746755 0.00751204 0.0075269 0.00751204 0.00746755 0.00739358 0.00729043 0.0071585 0.00699833 0.00681054 0.00659587 0.00635517 0.00608939 0.00579957 0.00548687 0.00515252 0.00479782 0.0044242 0.00403311 0.00362611 0.0032048 0.00277084 0.00232594 0.00187186 0.0014104 0.00094337 0.000472618 
0.000990912 0.00197791 0.00295711 0.00392463 0.00487667 0.00580946 0.00671932 0.00760267 0.00845601 0.00927598 0.0100593 0.010803 0.011504 0.0121597 0.0127673 0.0133245 0.0138292 0.0142793 0.014673 0.0150088 0.0152854 0.0155017 0.0156568 0.0157501 0.0157812 0.0157501 0.0156568 0.0155017 0.0152854 0.0150088 0.014673 0.0142793 0.0138292 0.0133245 0.0127673 0.0121597 0.011504 0.010803 0.0100593 0.00927598 0.00845601 0.00760267 0.00671932 0.00580946 0.00487667 0.00392463 0.00295711 0.00197791 0.000990912 
0.00167047 0.00333435 0.00498507 0.00661612 0.00822105 0.00979354 0.0113274 0.0128165 0.0142551 0.0156374 0.016958 0.0182116 0.0193934 0.0204986 0.021523 0.0224624 0.0233132 0.0240719 0.0247357 0.0253018 0.0257681 0.0261327 0.0263941 0.0265514 0.0266039 0.0265514 0.0263941 0.0261327 0.0257681 0.0253018 0.0247357 0.0240719 0.0233132 0.0224624 0.021523 0.0204986 0.0193934 0.0182116 0.016958 0.0156374 0.0142551 0.0128165 0.0113274 0.00979354 0.00822105 0.00661612 0.00498507 0.00333435 0.00167047 
0.00251162 0.00501332 0.00749524 0.00994757 0.0123607 0.0147249 0.0170311 0.0192701 0.021433 0.0235114 0.0254969 0.0273818 0.0291587 0.0308205 0.0323606 0.033773 0.0350522 0.036193 0.037191 0.0380422 0.0387432 0.0392914 0.0396845 0.039921 0.0399999 0.039921 0.0396845 0.0392914 0.0387432 0.0380422 0.037191 0.036193 0.0350522 0.033773 0.0323606 0.0308205 0.0291587 0.0273818 0.0254969 0.0235114 0.021433 0.0192701 0.0170311 0.0147249 0.0123607 0.00994757 0.00749524 0.00501332 0.00251162 
0.00351437 0.00701488 0.0104877 0.0139191 0.0172956 0.0206039 0.0238308 0.0269637 0.0299901 0.0328982 0.0356765 0.038314 0.0408002 0.0431255 0.0452805 0.0472569 0.0490467 0.050643 0.0520394 0.0532304 0.0542114 0.0549784 0.0555285 0.0558594 0.0559698 0.0558594 0.0555285 0.0549784 0.0542114 0.0532304 0.0520394 0.050643 0.0490467 0.0472569 0.0452805 0.0431255 0.0408002 0.038314 0.0356765 0.0328982 0.0299901 0.0269637 0.0238308 0.0206039 0.0172956 0.0139191 0.0104877 0.00701488 0.00351437 
0.00467839 0.00933831 0.0139614 0.0185293 0.0230242 0.0274282 0.0317239 0.0358944 0.0399233 0.0437946 0.0474931 0.0510041 0.0543139 0.0574093 0.0602781 0.0629091 0.0652917 0.0674167 0.0692757 0.0708612 0.0721671 0.0731881 0.0739203 0.0743608 0.0745079 0.0743608 0.0739203 0.0731881 0.0721671 0.0708612 0.0692757 0.0674167 0.0652917 0.0629091 0.0602781 0.0574093 0.0543139 0.0510041 0.0474931 0.0437946 0.0399233 0.0358944 0.0317239 0.0274282 0.0230242 0.0185293 0.0139614 0.00933831 0.00467839 
0.0060028 0.0119819 0.0179137 0.0237749 0.0295422 0.0351929 0.0407047 0.0460559 0.0512253 0.0561925 0.060938 0.065443 0.0696897 0.0736614 0.0773424 0.0807181 0.0837753 0.0865019 0.088887 0.0909214 0.092597 0.0939071 0.0948466 0.0954118 0.0956004 0.0954118 0.0948466 0.0939071 0.092597 0.0909214 0.088887 0.0865019 0.0837753 0.0807181 0.0773424 0.0736614 0.0696897 0.065443 0.060938 0.0561925 0.0512253 0.0460559 0.0407047 0.0351929 0.0295422 0.0237749 0.0179137 0.0119819 0.0060028 
0.00748613 0.0149427 0.0223403 0.0296498 0.0368422 0.0438892 0.050763 0.0574365 0.0638833 0.070078 0.0759961 0.0816143 0.0869104 0.0918636 0.0964541 0.100664 0.104477 0.107877 0.110852 0.113389 0.115478 0.117112 0.118284 0.118989 0.119224 0.118989 0.118284 0.117112 0.115478 0.113389 0.110852 0.107877 0.104477 0.100664 0.0964541 0.0918636 0.0869104 0.0816143 0.0759961 0.070078 0.0638833 0.0574365 0.050763 0.0438892 0.0368422 0.0296498 0.0223403 0.0149427 0.00748613 
0.00912611 0.0182162 0.0272344 0.0361451 0.0449132 0.053504 0.0618837 0.0700191 0.0778783 0.08543 0.0926446 0.0994936 0.10595 0.111988 0.117584 0.122716 0.127364 0.13151 0.135136 0.138229 0.140776 0.142768 0.144196 0.145055 0.145342 0.145055 0.144196 0.142768 0.140776 0.138229 0.135136 0.13151 0.127364 0.122716 0.117584 0.111988 0.10595 0.0994936 0.0926446 0.08543 0.0778783 0.0700191 0.0618837 0.053504 0.0449132 0.0361451 0.0272344 0.0182162 0.00912611 
0.0109196 0.0217961 0.0325865 0.0432484 0.0537396 0.0640187 0.0740451 0.0837793 0.0931829 0.102219 0.110851 0.119046 0.126771 0.133996 0.140692 0.146833 0.152394 0.157354 0.161693 0.165393 0.168441 0.170825 0.172534 0.173562 0.173905 0.173562 0.172534 0.170825 0.168441 0.165393 0.161693 0.157354 0.152394 0.146833 0.140692 0.133996 0.126771 0.119046 0.110851 0.102219 0.0931829 0.0837793 0.0740451 0.0640187 0.0537396 0.0432484 0.0325865 0.0217961 0.0109196 
0.0128623 0.0256738 0.038384 0.0509427 0.0633003 0.0754081 0.0872184 0.0986844 0.109761 0.120404 0.130573 0.140225 0.149325 0.157835 0.165722 0.172956 0.179506 0.185348 0.190459 0.194818 0.198409 0.201216 0.203229 0.20444 0.204844 0.20444 0.203229 0.201216 0.198409 0.194818 0.190459 0.185348 0.179506 0.172956 0.165722 0.157835 0.149325 0.140225 0.130573 0.120404 0.109761 0.0986844 0.0872184 0.0754081 0.0633003 0.0509427 0.038384 0.0256738 0.0128623 
0.0149486 0.0298383 0.0446102 0.059206 0.0735682 0.0876401 0.101366 0.114692 0.127565 0.139935 0.151753 0.162971 0.173547 0.183437 0.192604 0.201011 0.208624 0.215414 0.221354 0.22642 0.230592 0.233855 0.236194 0.237602 0.238072 0.237602 0.236194 0.233855 0.230592 0.22642 0.221354 0.215414 0.208624 0.201011 0.192604 0.183437 0.173547 0.162971 0.151753 0.139935 0.127565 0.114692 0.101366 0.0876401 0.0735682 0.059206 0.0446102 0.0298383 0.0149486 
0.0171718 0.0342758 0.0512445 0.068011 0.084509 0.100674 0.116441 0.131749 0.146536 0.160746 0.174321 0.187208 0.199356 0.210718 0.221248 0.230904 0.23965 0.247449 0.254273 0.260092 0.264885 0.268633 0.271321 0.272937 0.273477 0.272937 0.271321 0.268633 0.264885 0.260092 0.254273 0.247449 0.23965 0.230904 0.221248 0.210718 0.199356 0.187208 0.174321 0.160746 0.146536 0.131749 0.116441 0.100674 0.084509 0.068011 0.0512445 0.0342758 0.0171718 
0.019523 0.038969 0.0582612 0.0773234 0.0960805 0.114458 0.132385 0.149788 0.166601 0.182756 0.19819 0.212841 0.226653 0.23957 0.251542 0.262521 0.272464 0.281332 0.289089 0.295705 0.301155 0.305416 0.308471 0.31031 0.310923 0.31031 0.308471 0.305416 0.301155 0.295705 0.289089 0.281332 0.272464 0.262521 0.251542 0.23957 0.226653 0.212841 0.19819 0.182756 0.166601 0.149788 0.132385 0.114458 0.0960805 0.0773234 0.0582612 0.038969 0.019523 
0.021992 0.0438972 0.0656292 0.0871021 0.108231 0.128933 0.149127 0.168731 0.18767 0.205868 0.223254 0.239759 0.255317 0.269868 0.283353 0.295721 0.306921 0.31691 0.325649 0.333102 0.33924 0.34404 0.347482 0.349553 0.350244 0.349553 0.347482 0.34404 0.33924 0.333102 0.325649 0.31691 0.306921 0.295721 0.283353 0.269868 0.255317 0.239759 0.223254 0.205868 0.18767 0.168731 0.149127 0.128933 0.108231 0.0871021 0.0656292 0.0438972 0.021992 
0.0245663 0.0490357 0.0733115 0.097298 0.1209 0.144026 0.166583 0.188482 0.209638 0.229966 0.249387 0.267824 0.285203 0.301457 0.316522 0.330337 0.342848 0.354007 0.363768 0.372093 0.378951 0.384312 0.388157 0.39047 0.391242 0.39047 0.388157 0.384312 0.378951 0.372093 0.363768 0.354007 0.342848 0.330337 0.316522 0.301457 0.285203 0.267824 0.249387 0.229966 0.209638 0.188482 0.166583 0.144026 0.1209 0.097298 0.0733115 0.0490357 0.0245663 
0.0272313 0.0543551 0.0812645 0.107853 0.134016 0.15965 0.184654 0.208929 0.23238 0.254914 0.276441 0.296878 0.316143 0.33416 0.350859 0.366172 0.380041 0.39241 0.40323 0.412459 0.42006 0.426003 0.430265 0.432829 0.433685 0.432829 0.430265 0.426003 0.42006 0.412459 0.40323 0.39241 0.380041 0.366172 0.350859 0.33416 0.316143 0.296878 0.276441 0.254914 0.23238 0.208929 0.184654 0.15965 0.134016 0.107853 0.0812645 0.0543551 0.0272313 
0.02997 0.0598218 0.0894375 0.1187 0.147494 0.175707 0.203225 0.229942 0.255751 0.280551 0.304244 0.326736 0.347938 0.367768 0.386146 0.403 0.418263 0.431876 0.443784 0.453941 0.462307 0.468848 0.473538 0.47636 0.477302 0.47636 0.473538 0.468848 0.462307 0.453941 0.443784 0.431876 0.418263 0.403 0.386146 0.367768 0.347938 0.326736 0.304244 0.280551 0.255751 0.229942 0.203225 0.175707 0.147494 0.1187 0.0894375 0.0598218 0.02997 
0.032763 0.0653968 0.0977724 0.129762 0.16124 0.192081 0.222164 0.251371 0.279585 0.306696 0.332597 0.357185 0.380364 0.402041 0.422131 0.440556 0.457242 0.472124 0.485142 0.496245 0.50539 0.512541 0.517669 0.520754 0.521783 0.520754 0.517669 0.512541 0.50539 0.496245 0.485142 0.472124 0.457242 0.440556 0.422131 0.402041 0.380364 0.357185 0.332597 0.306696 0.279585 0.251371 0.222164 0.192081 0.16124 0.129762 0.0977724 0.0653968 0.032763 
0.0355881 0.0710358 0.106203 0.140951 0.175143 0.208644 0.241321 0.273046 0.303693 0.333142 0.361276 0.387984 0.413161 0.436708 0.458531 0.478544 0.496669 0.512834 0.526974 0.539035 0.548969 0.556736 0.562306 0.565657 0.566775 0.565657 0.562306 0.556736 0.548969 0.539035 0.526974 0.512834 0.496669 0.478544 0.458531 0.436708 0.413161 0.387984 0.361276 0.333142 0.303693 0.273046 0.241321 0.208644 0.175143 0.140951 0.106203 0.0710358 0.0355881 
0.0384204 0.0766892 0.114655 0.152169 0.189082 0.225249 0.260527 0.294776 0.327863 0.359655 0.390028 0.418862 0.446043 0.471463 0.495023 0.516629 0.536196 0.553647 0.568914 0.581934 0.592659 0.601044 0.607057 0.610675 0.611882 0.610675 0.607057 0.601044 0.592659 0.581934 0.568914 0.553647 0.536196 0.516629 0.495023 0.471463 0.446043 0.418862 0.390028 0.359655 0.327863 0.294776 0.260527 0.225249 0.189082 0.152169 0.114655 0.0766892 0.0384204 
0.0412321 0.0823015 0.123046 0.163305 0.202919 0.241733 0.279593 0.316349 0.351857 0.385976 0.418572 0.449515 0.478685 0.505966 0.53125 0.554437 0.575437 0.594165 0.610548 0.624522 0.636031 0.64503 0.651483 0.655365 0.656661 0.655365 0.651483 0.64503 0.636031 0.624522 0.610548 0.594165 0.575437 0.554437 0.53125 0.505966 0.478685 0.449515 0.418572 0.385976 0.351857 0.316349 0.279593 0.241733 0.202919 0.163305 0.123046 0.0823015 0.0412321 
0.0439926 0.0878116 0.131284 0.174238 0.216505 0.257917 0.298312 0.337529 0.375414 0.411817 0.446595 0.479611 0.510734 0.539841 0.566818 0.591557 0.613962 0.633945 0.651425 0.666334 0.678614 0.688215 0.6951 0.699243 0.700625 0.699243 0.6951 0.688215 0.678614 0.666334 0.651425 0.633945 0.613962 0.591557 0.566818 0.539841 0.510734 0.479611 0.446595 0.411817 0.375414 0.337529 0.298312 0.257917 0.216505 0.174238 0.131284 0.0878116 0.0439926 
0.0466685 0.0931528 0.13927 0.184837 0.229674 0.273605 0.316457 0.358059 0.398249 0.436866 0.47376 0.508784 0.5418 0.572677 0.601295 0.627539 0.651307 0.672505 0.691048 0.706864 0.719891 0.730076 0.737381 0.741775 0.743241 0.741775 0.737381 0.730076 0.719891 0.706864 0.691048 0.672505 0.651307 0.627539 0.601295 0.572677 0.5418 0.508784 0.47376 0.436866 0.398249 0.358059 0.316457 0.273605 0.229674 0.184837 0.13927 0.0931528 0.0466685 
0.0492236 0.0982529 0.146894 0.194956 0.242249 0.288585 0.333783 0.377663 0.420052 0.460784 0.499698 0.536639 0.571463 0.604031 0.634215 0.661897 0.686966 0.709324 0.728883 0.745565 0.759304 0.770048 0.777752 0.782386 0.783933 0.782386 0.777752 0.770048 0.759304 0.745565 0.728883 0.709324 0.686966 0.661897 0.634215 0.604031 0.571463 0.536639 0.499698 0.460784 0.420052 0.377663 0.333783 0.288585 0.242249 0.194956 0.146894 0.0982529 0.0492236 
0.051619 0.103034 0.154043 0.204444 0.254038 0.302629 0.350026 0.396042 0.440494 0.483208 0.524015 0.562755 0.599273 0.633426 0.665079 0.694108 0.720397 0.743843 0.764354 0.781847 0.796256 0.807522 0.815601 0.820461 0.822083 0.820461 0.815601 0.807522 0.796256 0.781847 0.764354 0.743843 0.720397 0.694108 0.665079 0.633426 0.599273 0.562755 0.524015 0.483208 0.440494 0.396042 0.350026 0.302629 0.254038 0.204444 0.154043 0.103034 0.051619 
0.0538137 0.107415 0.160593 0.213136 0.264839 0.315496 0.364908 0.41288 0.459223 0.503753 0.546295 0.586682 0.624752 0.660358 0.693357 0.72362 0.751026 0.775469 0.796852 0.81509 0.830111 0.841856 0.850278 0.855345 0.857036 0.855345 0.850278 0.841856 0.830111 0.81509 0.796852 0.775469 0.751026 0.72362 0.693357 0.660358 0.624752 0.586682 0.546295 0.503753 0.459223 0.41288 0.364908 0.315496 0.264839 0.213136 0.160593 0.107415 0.0538137 
0.0557646 0.111309 0.166414 0.220863 0.27444 0.326933 0.378137 0.427848 0.475871 0.522015 0.5661 0.60795 0.647401 0.684297 0.718492 0.749852 0.778253 0.803582 0.82574 0.844638 0.860204 0.872375 0.881102 0.886353 0.888105 0.886353 0.881102 0.872375 0.860204 0.844638 0.82574 0.803582 0.778253 0.749852 0.718492 0.684297 0.647401 0.60795 0.5661 0.522015 0.475871 0.427848 0.378137 0.326933 0.27444 0.220863 0.166414 0.111309 0.0557646 
0.0574269 0.114627 0.171375 0.227447 0.28262 0.336679 0.389409 0.440602 0.490056 0.537576 0.582975 0.626072 0.666699 0.704695 0.73991 0.772205 0.801452 0.827536 0.850354 0.869816 0.885846 0.898379 0.907367 0.912774 0.914579 0.912774 0.907367 0.898379 0.885846 0.869816 0.850354 0.827536 0.801452 0.772205 0.73991 0.704695 0.666699 0.626072 0.582975 0.537576 0.490056 0.440602 0.389409 0.336679 0.28262 0.227447 0.171375 0.114627 0.0574269 
0.0587549 0.117278 0.175338 0.232706 0.289156 0.344465 0.398414 0.450791 0.501389 0.550008 0.596456 0.640551 0.682117 0.720992 0.757021 0.790062 0.819986 0.846673 0.870019 0.889931 0.906331 0.919155 0.92835 0.933883 0.935729 0.933883 0.92835 0.919155 0.906331 0.889931 0.870019 0.846673 0.819986 0.790062 0.757021 0.720992 0.682117 0.640551 0.596456 0.550008 0.501389 0.450791 0.398414 0.344465 0.289156 0.232706 0.175338 0.117278 0.0587549 
0.0597025 0.119169 0.178166 0.23646 0.29382 0.35002 0.40484 0.458061 0.509475 0.558878 0.606076 0.650882 0.693119 0.73262 0.76923 0.802805 0.833211 0.860328 0.884051 0.904284 0.920949 0.933979 0.943323 0.948945 0.950821 0.948945 0.943323 0.933979 0.920949 0.904284 0.884051 0.860328 0.833211 0.802805 0.76923 0.73262 0.693119 0.650882 0.606076 0.558878 0.509475 0.458061 0.40484 0.35002 0.29382 0.23646 0.178166 0.119169 0.0597025 
0.0602241 0.12021 0.179722 0.238525 0.296387 0.353078 0.408376 0.462063 0.513926 0.563761 0.61137 0.656568 0.699173 0.73902 0.77595 0.809818 0.840489 0.867844 0.891774 0.912184 0.928994 0.942138 0.951564 0.957234 0.959127 0.957234 0.951564 0.942138 0.928994 0.912184 0.891774 0.867844 0.840489 0.809818 0.77595 0.73902 0.699173 0.656568 0.61137 0.563761 0.513926 0.462063 0.408376 0.353078 0.296387 0.238525 0.179722 0.12021 0.0602241 
0.0602751 0.120312 0.179875 0.238727 0.296638 0.353378 0.408723 0.462455 0.514362 0.564239 0.611889 0.657124 0.699766 0.739647 0.776608 0.810504 0.841202 0.86858 0.89253 0.912957 0.929782 0.942937 0.952371 0.958046 0.95994 0.958046 0.952371 0.942937 0.929782 0.912957 0.89253 0.86858 0.841202 0.810504 0.776608 0.739647 0.699766 0.657124 0.611889 0.564239 0.514362 0.462455 0.408723 0.353378 0.296638 0.238727 0.179875 0.120312 0.0602751 
0.0598136 0.119391 0.178498 0.236899 0.294366 0.350672 0.405593 0.458914 0.510423 0.559918 0.607204 0.652093 0.694408 0.733983 0.770661 0.804298 0.834761 0.861929 0.885696 0.905967 0.922663 0.935717 0.945078 0.95071 0.95259 0.95071 0.945078 0.935717 0.922663 0.905967 0.885696 0.861929 0.834761 0.804298 0.770661 0.733983 0.694408 0.652093 0.607204 0.559918 0.510423 0.458914 0.405593 0.350672 0.294366 0.236899 0.178498 0.119391 0.0598136 
0.0588009 0.11737 0.175475 0.232888 0.289382 0.344734 0.398726 0.451143 0.501781 0.550438 0.596923 0.641052 0.682651 0.721555 0.757613 0.79068 0.820627 0.847335 0.870699 0.890627 0.90704 0.919874 0.929077 0.934613 0.936461 0.934613 0.929077 0.919874 0.90704 0.890627 0.870699 0.847335 0.820627 0.79068 0.757613 0.721555 0.682651 0.641052 0.596923 0.550438 0.501781 0.451143 0.398726 0.344734 0.289382 0.232888 0.175475 0.11737 0.0588009 
0.0572029 0.11418 0.170706 0.226559 0.281518 0.335366 0.38789 0.438883 0.488144 0.535479 0.5807 0.62363 0.664099 0.701946 0.737023 0.769192 0.798325 0.824308 0.847037 0.866423 0.88239 0.894875 0.903828 0.909213 0.911011 0.909213 0.903828 0.894875 0.88239 0.866423 0.847037 0.824308 0.798325 0.769192 0.737023 0.701946 0.664099 0.62363 0.5807 0.535479 0.488144 0.438883 0.38789 0.335366 0.281518 0.226559 0.170706 0.11418 0.0572029 
0.0549916 0.109766 0.164107 0.217801 0.270635 0.322401 0.372895 0.421917 0.469274 0.514779 0.558252 0.599522 0.638427 0.674811 0.708532 0.739458 0.767464 0.792442 0.814293 0.83293 0.84828 0.860282 0.868888 0.874066 0.875794 0.874066 0.868888 0.860282 0.84828 0.83293 0.814293 0.792442 0.767464 0.739458 0.708532 0.674811 0.638427 0.599522 0.558252 0.514779 0.469274 0.421917 0.372895 0.322401 0.270635 0.217801 0.164107 0.109766 0.0549916 
0.0521463 0.104087 0.155617 0.206532 0.256633 0.30572 0.353602 0.400087 0.444994 0.488144 0.529368 0.568503 0.605395 0.639897 0.671873 0.701198 0.727756 0.751442 0.772162 0.789834 0.80439 0.815771 0.823932 0.828842 0.830481 0.828842 0.823932 0.815771 0.80439 0.789834 0.772162 0.751442 0.727756 0.701198 0.671873 0.639897 0.605395 0.568503 0.529368 0.488144 0.444994 0.400087 0.353602 0.30572 0.256633 0.206532 0.155617 0.104087 0.0521463 
0.0486552 0.0971184 0.145198 0.192705 0.239452 0.285253 0.329928 0.373302 0.415202 0.455464 0.493928 0.530443 0.564864 0.597056 0.626892 0.654254 0.679034 0.701134 0.720466 0.736956 0.750537 0.761156 0.768771 0.773352 0.774881 0.773352 0.768771 0.761156 0.750537 0.736956 0.720466 0.701134 0.679034 0.654254 0.626892 0.597056 0.564864 0.530443 0.493928 0.455464 0.415202 0.373302 0.329928 0.285253 0.239452 0.192705 0.145198 0.0971184 0.0486552 
0.0445165 0.0888573 0.132847 0.176313 0.219083 0.260989 0.301864 0.341548 0.379884 0.416721 0.451913 0.485322 0.516816 0.546269 0.573567 0.598602 0.621274 0.641494 0.659182 0.674269 0.686695 0.69641 0.703378 0.707569 0.708968 0.707569 0.703378 0.69641 0.686695 0.674269 0.659182 0.641494 0.621274 0.598602 0.573567 0.546269 0.516816 0.485322 0.451913 0.416721 0.379884 0.341548 0.301864 0.260989 0.219083 0.176313 0.132847 0.0888573 0.0445165 
0.03974 0.0793233 0.118593 0.157396 0.195576 0.232986 0.269475 0.304901 0.339124 0.372009 0.403425 0.433249 0.461363 0.487657 0.512026 0.534374 0.554613 0.572664 0.588454 0.601923 0.613015 0.621688 0.627908 0.63165 0.632899 0.63165 0.627908 0.621688 0.613015 0.601923 0.588454 0.572664 0.554613 0.534374 0.512026 0.487657 0.461363 0.433249 0.403425 0.372009 0.339124 0.304901 0.269475 0.232986 0.195576 0.157396 0.118593 0.0793233 0.03974 
0.0343487 0.0685618 0.102504 0.136042 0.169043 0.201377 0.232917 0.263537 0.293117 0.32154 0.348694 0.374472 0.398772 0.421499 0.442562 0.461878 0.479371 0.494973 0.508621 0.520262 0.52985 0.537347 0.542723 0.545957 0.547036 0.545957 0.542723 0.537347 0.52985 0.520262 0.508621 0.494973 0.479371 0.461878 0.442562 0.421499 0.398772 0.374472 0.348694 0.32154 0.293117 0.263537 0.232917 0.201377 0.169043 0.136042 0.102504 0.0685618 0.0343487 
0.0283793 0.0566466 0.0846903 0.1124 0.139666 0.16638 0.192438 0.217737 0.242176 0.26566 0.288095 0.309393 0.32947 0.348247 0.365649 0.381609 0.396062 0.408952 0.420229 0.429847 0.437768 0.443962 0.448404 0.451076 0.451968 0.451076 0.448404 0.443962 0.437768 0.429847 0.420229 0.408952 0.396062 0.381609 0.365649 0.348247 0.32947 0.309393 0.288095 0.26566 0.242176 0.217737 0.192438 0.16638 0.139666 0.1124 0.0846903 0.0566466 0.0283793 
0.0218838 0.0436812 0.0653063 0.0866736 0.107699 0.128299 0.148393 0.167901 0.186747 0.204855 0.222155 0.238579 0.254061 0.26854 0.281959 0.294266 0.305411 0.315351 0.324046 0.331463 0.337571 0.342347 0.345772 0.347833 0.348521 0.347833 0.345772 0.342347 0.337571 0.331463 0.324046 0.315351 0.305411 0.294266 0.281959 0.26854 0.254061 0.238579 0.222155 0.204855 0.186747 0.167901 0.148393 0.128299 0.107699 0.0866736 0.0653063 0.0436812 0.0218838 
0.01493 0.0298011 0.0445546 0.0591323 0.0734765 0.0875308 0.10124 0.114549 0.127406 0.139761 0.151564 0.162768 0.173331 0.183209 0.192364 0.20076 0.208364 0.215145 0.221078 0.226138 0.230305 0.233563 0.2359 0.237306 0.237775 0.237306 0.2359 0.233563 0.230305 0.226138 0.221078 0.215145 0.208364 0.20076 0.192364 0.183209 0.173331 0.162768 0.151564 0.139761 0.127406 0.114549 0.10124 0.0875308 0.0734765 0.0591323 0.0445546 0.0298011 0.01493 
0.00760199 0.015174 0.0226861 0.0301087 0.0374124 0.0445685 0.0515487 0.0583255 0.064872 0.0711626 0.0771723 0.0828775 0.0882555 0.0932853 0.0979469 0.102222 0.106094 0.109547 0.112567 0.115144 0.117265 0.118925 0.120114 0.12083 0.121069 0.12083 0.120114 0.118925 0.117265 0.115144 0.112567 0.109547 0.106094 0.102222 0.0979469 0.0932853 0.0882555 0.0828775 0.0771723 0.0711626 0.064872 0.0583255 0.0515487 0.0445685 0.0374124 0.0301087 0.0226861 0.015174 0.00760199 
