    0.329769 0.651419 0.957028 1.23907 1.49061 1.70544 1.87827 2.00486 2.08208 2.10804 2.08208 2.00486 1.87827 1.70544 1.49061 1.23907 0.957028 0.651419 0.329769 
0.590847 1.16715 1.7147 2.22004 2.67072 3.05563 3.3653 3.5921 3.73046 3.77696 3.73046 3.5921 3.3653 3.05563 2.67072 2.22004 1.7147 1.16715 0.590847 
0.733368 1.44868 2.12832 2.75555 3.31493 3.79269 4.17706 4.45857 4.6303 4.68802 4.6303 4.45857 4.17706 3.79269 3.31493 2.75555 2.12832 1.44868 0.733368 
0.762515 1.50626 2.21291 2.86507 3.44668 3.94343 4.34307 4.63578 4.81433 4.87434 4.81433 4.63578 4.34307 3.94343 3.44668 2.86507 2.21291 1.50626 0.762515 
0.688311 1.35967 1.99756 2.58625 3.11127 3.55967 3.92043 4.18465 4.34583 4.4 4.34583 4.18465 3.92043 3.55967 3.11127 2.58625 1.99756 1.35967 0.688311 
0.537827 1.06241 1.56084 2.02083 2.43106 2.78143 3.06331 3.26977 3.39571 3.43804 3.39571 3.26977 3.06331 2.78143 2.43106 2.02083 1.56084 1.06241 0.537827 
0.312777 0.617852 0.907714 1.17522 1.4138 1.61756 1.78149 1.90155 1.9748 1.99941 1.9748 1.90155 1.78149 1.61756 1.4138 1.17522 0.907714 0.617852 0.312777 
0.0117369 0.0231849 0.0340619 0.0441002 0.0530526 0.0606987 0.0668502 0.0713556 0.074104 0.0750278 0.074104 0.0713556 0.0668502 0.0606987 0.0530526 0.0441002 0.0340619 0.0231849 0.0117369 
-0.372629 -0.736083 -1.08141 -1.40011 -1.68434 -1.92709 -2.12239 -2.26543 -2.35269 -2.38202 -2.35269 -2.26543 -2.12239 -1.92709 -1.68434 -1.40011 -1.08141 -0.736083 -0.372629 
-0.840156 -1.65963 -2.43823 -3.1568 -3.79763 -4.34496 -4.78529 -5.1078 -5.30454 -5.37066 -5.30454 -5.1078 -4.78529 -4.34496 -3.79763 -3.1568 -2.43823 -1.65963 -0.840156 
-1.37932 -2.72467 -4.00293 -5.18263 -6.23472 -7.13328 -7.8562 -8.38567 -8.70866 -8.81722 -8.70866 -8.38567 -7.8562 -7.13328 -6.23472 -5.18263 -4.00293 -2.72467 -1.37932 
-1.96329 -3.87823 -5.69768 -7.37683 -8.87434 -10.1533 -11.1823 -11.936 -12.3957 -12.5502 -12.3957 -11.936 -11.1823 -10.1533 -8.87434 -7.37683 -5.69768 -3.87823 -1.96329 
-2.54668 -5.03065 -7.39075 -9.56886 -11.5114 -13.1704 -14.5052 -15.4827 -16.0791 -16.2795 -16.0791 -15.4827 -14.5052 -13.1704 -11.5114 -9.56886 -7.39075 -5.03065 -2.54668 
-3.06403 -6.05261 -8.89215 -11.5127 -13.8499 -15.8459 -17.4518 -18.628 -19.3455 -19.5867 -19.3455 -18.628 -17.4518 -15.8459 -13.8499 -11.5127 -8.89215 -6.05261 -3.06403 
-3.4213 -6.75836 -9.929 -12.8552 -15.4648 -17.6936 -19.4868 -20.8001 -21.6012 -21.8705 -21.6012 -20.8001 -19.4868 -17.6936 -15.4648 -12.8552 -9.929 -6.75836 -3.4213 
-3.51329 -6.94007 -10.196 -13.2008 -15.8806 -18.1693 -20.0107 -21.3593 -22.182 -22.4585 -22.182 -21.3593 -20.0107 -18.1693 -15.8806 -13.2008 -10.196 -6.94007 -3.51329 
-3.22225 -6.36516 -9.35134 -12.1073 -14.5651 -16.6642 -18.353 -19.59 -20.3445 -20.5981 -20.3445 -19.59 -18.353 -16.6642 -14.5651 -12.1073 -9.35134 -6.36516 -3.22225 
-2.49785 -4.9342 -7.24906 -9.38541 -11.2907 -12.9179 -14.2271 -15.1859 -15.7708 -15.9674 -15.7708 -15.1859 -14.2271 -12.9179 -11.2907 -9.38541 -7.24906 -4.9342 -2.49785 
-1.36792 -2.70216 -3.96987 -5.13982 -6.18322 -7.07436 -7.79131 -8.31641 -8.63673 -8.74439 -8.63673 -8.31641 -7.79131 -7.07436 -6.18322 -5.13982 -3.96987 -2.70216 -1.36792 
