7.84518e-05 0.000156594 0.000234118 0.000310719 0.000386093 0.000459943 0.000531978 0.000601914 0.000669474 0.000734392 0.000796411 0.000855288 0.000910789 0.000962696 0.0010108 0.00105492 0.00109488 0.00113051 0.00116168 0.00118827 0.00121017 0.00122729 0.00123957 0.00124696 0.00124942 0.00124696 0.00123957 0.00122729 0.00121017 0.00118827 0.00116168 0.00113051 0.00109488 0.00105492 0.0010108 0.000962696 0.000910789 0.000855288 0.000796411 0.000734392 0.000669474 0.000601914 0.000531978 0.000459943 0.000386093 0.000310719 0.000234118 0.000156594 7.84518e-05 
0.000314712 0.000628183 0.000939174 0.00124646 0.00154882 0.00184508 0.00213405 0.0024146 0.00268562 0.00294604 0.00319483 0.00343102 0.00365366 0.00386189 0.00405487 0.00423186 0.00439214 0.00453508 0.00466013 0.00476679 0.00485464 0.00492332 0.00497258 0.00500221 0.0050121 0.00500221 0.00497258 0.00492332 0.00485464 0.00476679 0.00466013 0.00453508 0.00439214 0.00423186 0.00405487 0.00386189 0.00365366 0.00343102 0.00319483 0.00294604 0.00268562 0.0024146 0.00213405 0.00184508 0.00154882 0.00124646 0.000939174 0.000628183 0.000314712 
0.000708772 0.00141475 0.00211514 0.00280718 0.00348815 0.00415535 0.00480615 0.00543798 0.00604835 0.00663485 0.00719516 0.00772708 0.00822851 0.00869746 0.00913209 0.00953067 0.00989164 0.0102136 0.0104952 0.0107354 0.0109332 0.0110879 0.0111989 0.0112656 0.0112879 0.0112656 0.0111989 0.0110879 0.0109332 0.0107354 0.0104952 0.0102136 0.00989164 0.00953067 0.00913209 0.00869746 0.00822851 0.00772708 0.00719516 0.00663485 0.00604835 0.00543798 0.00480615 0.00415535 0.00348815 0.00280718 0.00211514 0.00141475 0.000708772 
0.00126059 0.0025162 0.00376189 0.00499272 0.00620386 0.00739051 0.00854799 0.00967174 0.0107573 0.0118004 0.012797 0.013743 0.0146348 0.0154689 0.0162419 0.0169508 0.0175928 0.0181654 0.0186663 0.0190935 0.0194454 0.0197205 0.0199178 0.0200365 0.0200761 0.0200365 0.0199178 0.0197205 0.0194454 0.0190935 0.0186663 0.0181654 0.0175928 0.0169508 0.0162419 0.0154689 0.0146348 0.013743 0.012797 0.0118004 0.0107573 0.00967174 0.00854799 0.00739051 0.00620386 0.00499272 0.00376189 0.0025162 0.00126059 
0.00197005 0.00393233 0.00587909 0.00780265 0.00969542 0.0115499 0.0133588 0.015115 0.0168116 0.0184418 0.0199992 0.0214777 0.0228714 0.0241749 0.0253829 0.0264908 0.0274941 0.028389 0.0291718 0.0298394 0.0303893 0.0308193 0.0311276 0.0313131 0.031375 0.0313131 0.0311276 0.0308193 0.0303893 0.0298394 0.0291718 0.028389 0.0274941 0.0264908 0.0253829 0.0241749 0.0228714 0.0214777 0.0199992 0.0184418 0.0168116 0.015115 0.0133588 0.0115499 0.00969542 0.00780265 0.00587909 0.00393233 0.00197005 
0.00283694 0.00566268 0.00846607 0.0112361 0.0139617 0.0166322 0.0192371 0.0217661 0.0242092 0.0265567 0.0287994 0.0309285 0.0329355 0.0348125 0.0365522 0.0381476 0.0395924 0.040881 0.0420082 0.0429697 0.0437615 0.0443807 0.0448247 0.0450918 0.045181 0.0450918 0.0448247 0.0443807 0.0437615 0.0429697 0.0420082 0.040881 0.0395924 0.0381476 0.0365522 0.0348125 0.0329355 0.0309285 0.0287994 0.0265567 0.0242092 0.0217661 0.0192371 0.0166322 0.0139617 0.0112361 0.00846607 0.00566268 0.00283694 
0.00386082 0.0077064 0.0115216 0.0152913 0.0190006 0.022635 0.02618 0.0296217 0.0329465 0.0361413 0.0391935 0.042091 0.0448223 0.0473768 0.0497443 0.0519154 0.0538817 0.0556354 0.0571694 0.0584779 0.0595556 0.0603982 0.0610025 0.061366 0.0614873 0.061366 0.0610025 0.0603982 0.0595556 0.0584779 0.0571694 0.0556354 0.0538817 0.0519154 0.0497443 0.0473768 0.0448223 0.042091 0.0391935 0.0361413 0.0329465 0.0296217 0.02618 0.022635 0.0190006 0.0152913 0.0115216 0.0077064 0.00386082 
0.00504101 0.0100621 0.0150435 0.0199656 0.0248088 0.0295541 0.0341828 0.0386766 0.0430178 0.0471892 0.0511743 0.0549575 0.0585238 0.0618591 0.0649503 0.0677852 0.0703525 0.0726422 0.0746453 0.0763537 0.0777608 0.078861 0.07965 0.0801246 0.080283 0.0801246 0.07965 0.078861 0.0777608 0.0763537 0.0746453 0.0726422 0.0703525 0.0677852 0.0649503 0.0618591 0.0585238 0.0549575 0.0511743 0.0471892 0.0430178 0.0386766 0.0341828 0.0295541 0.0248088 0.0199656 0.0150435 0.0100621 0.00504101 
0.00637646 0.0127278 0.0190288 0.0252548 0.0313811 0.0373835 0.0432384 0.0489227 0.0544139 0.0596904 0.0647312 0.0695167 0.0740277 0.0782466 0.0821567 0.0857426 0.0889901 0.0918864 0.09442 0.096581 0.0983609 0.0997526 0.100751 0.101351 0.101551 0.101351 0.100751 0.0997526 0.0983609 0.096581 0.09442 0.0918864 0.0889901 0.0857426 0.0821567 0.0782466 0.0740277 0.0695167 0.0647312 0.0596904 0.0544139 0.0489227 0.0432384 0.0373835 0.0313811 0.0252548 0.0190288 0.0127278 0.00637646 
0.00786563 0.0157002 0.0234728 0.0311528 0.0387099 0.0461142 0.0533364 0.0603482 0.0671219 0.0736306 0.0798487 0.0857517 0.0913163 0.0965205 0.101344 0.105767 0.109773 0.113346 0.116471 0.119137 0.121332 0.123049 0.12428 0.125021 0.125268 0.125021 0.12428 0.123049 0.121332 0.119137 0.116471 0.113346 0.109773 0.105767 0.101344 0.0965205 0.0913163 0.0857517 0.0798487 0.0736306 0.0671219 0.0603482 0.0533364 0.0461142 0.0387099 0.0311528 0.0234728 0.0157002 0.00786563 
0.00950639 0.0189753 0.0283692 0.0376513 0.0467847 0.0557335 0.0644623 0.0729368 0.0811234 0.0889898 0.096505 0.103639 0.110365 0.116655 0.122484 0.12783 0.132672 0.136989 0.140767 0.143989 0.146642 0.148717 0.150205 0.1511 0.151398 0.1511 0.150205 0.148717 0.146642 0.143989 0.140767 0.136989 0.132672 0.12783 0.122484 0.116655 0.110365 0.103639 0.096505 0.0889898 0.0811234 0.0729368 0.0644623 0.0557335 0.0467847 0.0376513 0.0283692 0.0189753 0.00950639 
0.0112959 0.0225471 0.0337094 0.0447387 0.0555914 0.0662247 0.0765967 0.0866663 0.0963939 0.105741 0.114671 0.123148 0.13114 0.138613 0.14554 0.151893 0.157645 0.162776 0.167265 0.171093 0.174246 0.176711 0.178479 0.179543 0.179898 0.179543 0.178479 0.176711 0.174246 0.171093 0.167265 0.162776 0.157645 0.151893 0.14554 0.138613 0.13114 0.123148 0.114671 0.105741 0.0963939 0.0866663 0.0765967 0.0662247 0.0555914 0.0447387 0.0337094 0.0225471 0.0112959 
0.0132303 0.0264083 0.0394822 0.0524002 0.0651114 0.0775657 0.0897138 0.101508 0.112901 0.123849 0.134308 0.144238 0.153597 0.162351 0.170464 0.177904 0.184642 0.190652 0.195909 0.200392 0.204085 0.206973 0.209044 0.210289 0.210705 0.210289 0.209044 0.206973 0.204085 0.200392 0.195909 0.190652 0.184642 0.177904 0.170464 0.162351 0.153597 0.144238 0.134308 0.123849 0.112901 0.101508 0.0897138 0.0775657 0.0651114 0.0524002 0.0394822 0.0264083 0.0132303 
0.0153048 0.0305492 0.0456731 0.0606167 0.0753211 0.0897282 0.103781 0.117425 0.130605 0.143269 0.155368 0.166854 0.177682 0.187808 0.197193 0.2058 0.213595 0.220546 0.226628 0.231815 0.236087 0.239427 0.241822 0.243263 0.243744 0.243263 0.241822 0.239427 0.236087 0.231815 0.226628 0.220546 0.213595 0.2058 0.197193 0.187808 0.177682 0.166854 0.155368 0.143269 0.130605 0.117425 0.103781 0.0897282 0.0753211 0.0606167 0.0456731 0.0305492 0.0153048 
0.0175135 0.0349578 0.0522642 0.0693643 0.0861906 0.102677 0.118758 0.13437 0.149452 0.163944 0.17779 0.190933 0.203323 0.214911 0.22565 0.235499 0.244418 0.252373 0.259332 0.265268 0.270156 0.273978 0.276719 0.278368 0.278919 0.278368 0.276719 0.273978 0.270156 0.265268 0.259332 0.252373 0.244418 0.235499 0.22565 0.214911 0.203323 0.190933 0.17779 0.163944 0.149452 0.13437 0.118758 0.102677 0.0861906 0.0693643 0.0522642 0.0349578 0.0175135 
0.0198487 0.0396191 0.0592331 0.0786134 0.0976834 0.116368 0.134593 0.152287 0.16938 0.185805 0.201496 0.216392 0.230434 0.243567 0.255738 0.266901 0.277009 0.286025 0.293912 0.300639 0.306179 0.310511 0.313618 0.315486 0.31611 0.315486 0.313618 0.310511 0.306179 0.300639 0.293912 0.286025 0.277009 0.266901 0.255738 0.243567 0.230434 0.216392 0.201496 0.185805 0.16938 0.152287 0.134593 0.116368 0.0976834 0.0786134 0.0592331 0.0396191 0.0198487 
0.0223016 0.0445152 0.0665531 0.0883283 0.109755 0.130748 0.151226 0.171107 0.190312 0.208766 0.226397 0.243134 0.258911 0.273667 0.287342 0.299884 0.311242 0.321371 0.330233 0.337791 0.344016 0.348883 0.352374 0.354474 0.355174 0.354474 0.352374 0.348883 0.344016 0.337791 0.330233 0.321371 0.311242 0.299884 0.287342 0.273667 0.258911 0.243134 0.226397 0.208766 0.190312 0.171107 0.151226 0.130748 0.109755 0.0883283 0.0665531 0.0445152 0.0223016 
0.0248612 0.0496244 0.0741916 0.0984661 0.122352 0.145755 0.168583 0.190745 0.212155 0.232727 0.252381 0.271039 0.288627 0.305077 0.320322 0.334303 0.346964 0.358257 0.368135 0.376561 0.3835 0.388926 0.392817 0.395158 0.395939 0.395158 0.392817 0.388926 0.3835 0.376561 0.368135 0.358257 0.346964 0.334303 0.320322 0.305077 0.288627 0.271039 0.252381 0.232727 0.212155 0.190745 0.168583 0.145755 0.122352 0.0984661 0.0741916 0.0496244 0.0248612 
0.0275149 0.0549212 0.0821108 0.108976 0.135412 0.161313 0.186577 0.211105 0.2348 0.257568 0.27932 0.29997 0.319435 0.33764 0.354513 0.369986 0.383999 0.396497 0.40743 0.416754 0.424435 0.43044 0.434746 0.437337 0.438202 0.437337 0.434746 0.43044 0.424435 0.416754 0.40743 0.396497 0.383999 0.369986 0.354513 0.33764 0.319435 0.29997 0.27932 0.257568 0.2348 0.211105 0.186577 0.161313 0.135412 0.108976 0.0821108 0.0549212 0.0275149 
0.0302477 0.0603759 0.090266 0.1198 0.148861 0.177334 0.205108 0.232072 0.25812 0.28315 0.307062 0.329762 0.351161 0.371174 0.389722 0.406732 0.422137 0.435876 0.447895 0.458146 0.466589 0.473191 0.477925 0.480773 0.481723 0.480773 0.477925 0.473191 0.466589 0.458146 0.447895 0.435876 0.422137 0.406732 0.389722 0.371174 0.351161 0.329762 0.307062 0.28315 0.25812 0.232072 0.205108 0.177334 0.148861 0.1198 0.090266 0.0603759 0.0302477 
0.0330423 0.0659541 0.0986057 0.130868 0.162614 0.193718 0.224058 0.253513 0.281968 0.30931 0.335432 0.360229 0.383605 0.405467 0.425729 0.444311 0.461139 0.476147 0.489276 0.500475 0.509698 0.516909 0.522081 0.525192 0.52623 0.525192 0.522081 0.516909 0.509698 0.500475 0.489276 0.476147 0.461139 0.444311 0.425729 0.405467 0.383605 0.360229 0.335432 0.30931 0.281968 0.253513 0.224058 0.193718 0.162614 0.130868 0.0986057 0.0659541 0.0330423 
0.035879 0.0716164 0.107071 0.142103 0.176575 0.210349 0.243294 0.275278 0.306176 0.335865 0.364229 0.391156 0.416538 0.440277 0.462279 0.482456 0.500729 0.517025 0.531282 0.543441 0.553456 0.561287 0.566902 0.57028 0.571408 0.57028 0.566902 0.561287 0.553456 0.543441 0.531282 0.517025 0.500729 0.482456 0.462279 0.440277 0.416538 0.391156 0.364229 0.335865 0.306176 0.275278 0.243294 0.210349 0.176575 0.142103 0.107071 0.0716164 0.035879 
0.0387355 0.0773182 0.115596 0.153417 0.190633 0.227096 0.262664 0.297194 0.330552 0.362605 0.393228 0.422298 0.449702 0.475331 0.499084 0.520867 0.540595 0.558189 0.57358 0.586708 0.59752 0.605974 0.612037 0.615684 0.616901 0.615684 0.612037 0.605974 0.59752 0.586708 0.57358 0.558189 0.540595 0.520867 0.499084 0.475331 0.449702 0.422298 0.393228 0.362605 0.330552 0.297194 0.262664 0.227096 0.190633 0.153417 0.115596 0.0773182 0.0387355 
0.0415869 0.0830096 0.124105 0.16471 0.204665 0.243813 0.281998 0.319071 0.354884 0.389297 0.422173 0.453383 0.482804 0.51032 0.535821 0.559208 0.580388 0.599277 0.615801 0.629895 0.641503 0.65058 0.657089 0.661004 0.662311 0.661004 0.657089 0.65058 0.641503 0.629895 0.615801 0.599277 0.580388 0.559208 0.535821 0.51032 0.482804 0.453383 0.422173 0.389297 0.354884 0.319071 0.281998 0.243813 0.204665 0.16471 0.124105 0.0830096 0.0415869 
0.0444051 0.088635 0.132515 0.175872 0.218535 0.260336 0.301109 0.340694 0.378934 0.415679 0.450783 0.484108 0.515523 0.544903 0.572133 0.597104 0.619719 0.639889 0.657533 0.672582 0.684977 0.694668 0.701618 0.705799 0.707195 0.705799 0.701618 0.694668 0.684977 0.672582 0.657533 0.639889 0.619719 0.597104 0.572133 0.544903 0.515523 0.484108 0.450783 0.415679 0.378934 0.340694 0.301109 0.260336 0.218535 0.175872 0.132515 0.088635 0.0444051 
0.0471597 0.0941332 0.140735 0.186782 0.232091 0.276485 0.319787 0.361828 0.40244 0.441464 0.478746 0.514138 0.547502 0.578704 0.607623 0.634144 0.658162 0.679583 0.698321 0.714304 0.727468 0.73776 0.745141 0.749582 0.751064 0.749582 0.745141 0.73776 0.727468 0.714304 0.698321 0.679583 0.658162 0.634144 0.607623 0.578704 0.547502 0.514138 0.478746 0.441464 0.40244 0.361828 0.319787 0.276485 0.232091 0.186782 0.140735 0.0941332 0.0471597 
0.0498171 0.0994376 0.148666 0.197307 0.24517 0.292065 0.337807 0.382216 0.425117 0.46634 0.505723 0.54311 0.578353 0.611314 0.641862 0.669878 0.695249 0.717877 0.737671 0.754555 0.76846 0.779333 0.78713 0.79182 0.793386 0.79182 0.78713 0.779333 0.76846 0.754555 0.737671 0.717877 0.695249 0.669878 0.641862 0.611314 0.578353 0.54311 0.505723 0.46634 0.425117 0.382216 0.337807 0.292065 0.24517 0.197307 0.148666 0.0994376 0.0498171 
0.0523413 0.104476 0.156198 0.207304 0.257592 0.306863 0.354923 0.401583 0.446657 0.489969 0.531347 0.570628 0.607658 0.642289 0.674385 0.703819 0.730476 0.754251 0.775048 0.792787 0.807397 0.81882 0.827012 0.83194 0.833585 0.83194 0.827012 0.81882 0.807397 0.792787 0.775048 0.754251 0.730476 0.703819 0.674385 0.642289 0.607658 0.570628 0.531347 0.489969 0.446657 0.401583 0.354923 0.306863 0.257592 0.207304 0.156198 0.104476 0.0523413 
0.0546935 0.109171 0.163218 0.216621 0.269168 0.320654 0.370874 0.41963 0.46673 0.511989 0.555226 0.596273 0.634966 0.671153 0.704692 0.735449 0.763304 0.788147 0.809879 0.828415 0.843681 0.855618 0.864179 0.869328 0.871047 0.869328 0.864179 0.855618 0.843681 0.828415 0.809879 0.788147 0.763304 0.735449 0.704692 0.671153 0.634966 0.596273 0.555226 0.511989 0.46673 0.41963 0.370874 0.320654 0.269168 0.216621 0.163218 0.109171 0.0546935 
0.0568328 0.113441 0.169602 0.225094 0.279697 0.333196 0.385381 0.436044 0.484987 0.532015 0.576944 0.619596 0.659803 0.697406 0.732256 0.764217 0.793161 0.818976 0.841558 0.860819 0.876682 0.889086 0.897981 0.903332 0.905118 0.903332 0.897981 0.889086 0.876682 0.860819 0.841558 0.818976 0.793161 0.764217 0.732256 0.697406 0.659803 0.619596 0.576944 0.532015 0.484987 0.436044 0.385381 0.333196 0.279697 0.225094 0.169602 0.113441 0.0568328 
0.0587164 0.117201 0.175223 0.232554 0.288967 0.344239 0.398153 0.450496 0.50106 0.549647 0.596065 0.640131 0.68167 0.720519 0.756525 0.789544 0.819448 0.846118 0.869449 0.889348 0.905737 0.918552 0.927742 0.933271 0.935116 0.933271 0.927742 0.918552 0.905737 0.889348 0.869449 0.846118 0.819448 0.789544 0.756525 0.720519 0.68167 0.640131 0.596065 0.549647 0.50106 0.450496 0.398153 0.344239 0.288967 0.232554 0.175223 0.117201 0.0587164 
0.0602997 0.120362 0.179948 0.238825 0.296759 0.353522 0.408889 0.462643 0.514572 0.564469 0.612139 0.657392 0.700052 0.739949 0.776925 0.810835 0.841545 0.868934 0.892894 0.91333 0.930161 0.943322 0.95276 0.958437 0.960332 0.958437 0.95276 0.943322 0.930161 0.91333 0.892894 0.868934 0.841545 0.810835 0.776925 0.739949 0.700052 0.657392 0.612139 0.564469 0.514572 0.462643 0.408889 0.353522 0.296759 0.238825 0.179948 0.120362 0.0602997 
0.0615374 0.122832 0.183642 0.243727 0.30285 0.360778 0.417282 0.47214 0.525134 0.576055 0.624703 0.670886 0.714421 0.755136 0.792872 0.827478 0.858819 0.88677 0.911221 0.932077 0.949254 0.962684 0.972315 0.978109 0.980043 0.978109 0.972315 0.962684 0.949254 0.932077 0.911221 0.88677 0.858819 0.827478 0.792872 0.755136 0.714421 0.670886 0.624703 0.576055 0.525134 0.47214 0.417282 0.360778 0.30285 0.243727 0.183642 0.122832 0.0615374 
0.0623837 0.124521 0.186167 0.247079 0.307015 0.36574 0.423021 0.478633 0.532355 0.583977 0.633294 0.680112 0.724246 0.765521 0.803776 0.838858 0.87063 0.898965 0.923753 0.944895 0.962308 0.975923 0.985687 0.991561 0.993521 0.991561 0.985687 0.975923 0.962308 0.944895 0.923753 0.898965 0.87063 0.838858 0.803776 0.765521 0.724246 0.680112 0.633294 0.583977 0.532355 0.478633 0.423021 0.36574 0.307015 0.247079 0.186167 0.124521 0.0623837 
0.0627933 0.125339 0.18739 0.248701 0.309031 0.368141 0.425798 0.481775 0.535851 0.587812 0.637453 0.684578 0.729001 0.770548 0.809053 0.844366 0.876346 0.904868 0.929818 0.951099 0.968627 0.982331 0.992159 0.998072 1.00004 0.998072 0.992159 0.982331 0.968627 0.951099 0.929818 0.904868 0.876346 0.844366 0.809053 0.770548 0.729001 0.684578 0.637453 0.587812 0.535851 0.481775 0.425798 0.368141 0.309031 0.248701 0.18739 0.125339 0.0627933 
0.0627223 0.125197 0.187178 0.24842 0.308681 0.367725 0.425317 0.48123 0.535245 0.587147 0.636731 0.683803 0.728177 0.769676 0.808138 0.843411 0.875355 0.903844 0.928766 0.950023 0.967531 0.98122 0.991037 0.996942 0.998913 0.996942 0.991037 0.98122 0.967531 0.950023 0.928766 0.903844 0.875355 0.843411 0.808138 0.769676 0.728177 0.683803 0.636731 0.587147 0.535245 0.48123 0.425317 0.367725 0.308681 0.24842 0.187178 0.125197 0.0627223 
0.062129 0.124013 0.185407 0.24607 0.305761 0.364246 0.421294 0.476678 0.530182 0.581593 0.630708 0.677335 0.721289 0.762396 0.800494 0.835433 0.867074 0.895294 0.919981 0.941037 0.958379 0.971938 0.981662 0.987512 0.989465 0.987512 0.981662 0.971938 0.958379 0.941037 0.919981 0.895294 0.867074 0.835433 0.800494 0.762396 0.721289 0.677335 0.630708 0.581593 0.530182 0.476678 0.421294 0.364246 0.305761 0.24607 0.185407 0.124013 0.062129 
0.0609753 0.12171 0.181964 0.2415 0.300084 0.357482 0.41347 0.467827 0.520336 0.570793 0.618996 0.664757 0.707895 0.748238 0.785629 0.819919 0.850973 0.878669 0.902897 0.923562 0.940582 0.95389 0.963433 0.969174 0.971091 0.969174 0.963433 0.95389 0.940582 0.923562 0.902897 0.878669 0.850973 0.819919 0.785629 0.748238 0.707895 0.664757 0.618996 0.570793 0.520336 0.467827 0.41347 0.357482 0.300084 0.2415 0.181964 0.12171 0.0609753 
0.0592277 0.118222 0.176749 0.234579 0.291483 0.347237 0.40162 0.454419 0.505423 0.554434 0.601256 0.645705 0.687606 0.726794 0.763113 0.79642 0.826584 0.853486 0.87702 0.897093 0.913625 0.926551 0.935821 0.941398 0.943259 0.941398 0.935821 0.926551 0.913625 0.897093 0.87702 0.853486 0.826584 0.79642 0.763113 0.726794 0.687606 0.645705 0.601256 0.554434 0.505423 0.454419 0.40162 0.347237 0.291483 0.234579 0.176749 0.118222 0.0592277 
0.0568589 0.113493 0.16968 0.225197 0.279825 0.333349 0.385557 0.436244 0.485209 0.532259 0.577208 0.61988 0.660105 0.697725 0.732591 0.764567 0.793524 0.81935 0.841943 0.861213 0.877084 0.889493 0.898392 0.903746 0.905533 0.903746 0.898392 0.889493 0.877084 0.861213 0.841943 0.81935 0.793524 0.764567 0.732591 0.697725 0.660105 0.61988 0.577208 0.532259 0.485209 0.436244 0.385557 0.333349 0.279825 0.225197 0.16968 0.113493 0.0568589 
0.0538486 0.107485 0.160697 0.213274 0.26501 0.315701 0.365145 0.413148 0.459521 0.50408 0.54665 0.587062 0.625158 0.660786 0.693806 0.724089 0.751514 0.775972 0.797369 0.815618 0.830649 0.842402 0.85083 0.8559 0.857592 0.8559 0.85083 0.842402 0.830649 0.815618 0.797369 0.775972 0.751514 0.724089 0.693806 0.660786 0.625158 0.587062 0.54665 0.50408 0.459521 0.413148 0.365145 0.315701 0.26501 0.213274 0.160697 0.107485 0.0538486 
0.0501858 0.100174 0.149766 0.198767 0.246984 0.294226 0.340307 0.385045 0.428264 0.469792 0.509466 0.547129 0.582634 0.615839 0.646613 0.674836 0.700395 0.72319 0.743131 0.760139 0.774147 0.785101 0.792955 0.79768 0.799258 0.79768 0.792955 0.785101 0.774147 0.760139 0.743131 0.72319 0.700395 0.674836 0.646613 0.615839 0.582634 0.547129 0.509466 0.469792 0.428264 0.385045 0.340307 0.294226 0.246984 0.198767 0.149766 0.100174 0.0501858 
0.0458693 0.0915576 0.136885 0.181671 0.225741 0.26892 0.311037 0.351927 0.391429 0.429385 0.465647 0.500071 0.532521 0.56287 0.590998 0.616793 0.640154 0.660988 0.679214 0.694759 0.707563 0.717574 0.724753 0.729072 0.730513 0.729072 0.724753 0.717574 0.707563 0.694759 0.679214 0.660988 0.640154 0.616793 0.590998 0.56287 0.532521 0.500071 0.465647 0.429385 0.391429 0.351927 0.311037 0.26892 0.225741 0.181671 0.136885 0.0915576 0.0458693 
0.0409097 0.081658 0.122084 0.162028 0.201333 0.239843 0.277407 0.313876 0.349106 0.382958 0.415299 0.446001 0.474943 0.50201 0.527096 0.550102 0.570937 0.589519 0.605775 0.619639 0.631058 0.639987 0.64639 0.650241 0.651527 0.650241 0.64639 0.639987 0.631058 0.619639 0.605775 0.589519 0.570937 0.550102 0.527096 0.50201 0.474943 0.446001 0.415299 0.382958 0.349106 0.313876 0.277407 0.239843 0.201333 0.162028 0.122084 0.081658 0.0409097 
0.0353306 0.0705217 0.105435 0.139931 0.173876 0.207134 0.239575 0.27107 0.301496 0.330731 0.358662 0.385177 0.410172 0.433548 0.455213 0.475081 0.493075 0.509123 0.523161 0.535135 0.544996 0.552707 0.558237 0.561564 0.562674 0.561564 0.558237 0.552707 0.544996 0.535135 0.523161 0.509123 0.493075 0.475081 0.455213 0.433548 0.410172 0.385177 0.358662 0.330731 0.301496 0.27107 0.239575 0.207134 0.173876 0.139931 0.105435 0.0705217 0.0353306 
0.0291695 0.0582239 0.0870485 0.11553 0.143555 0.171013 0.197797 0.2238 0.24892 0.273057 0.296117 0.318008 0.338644 0.357944 0.375831 0.392235 0.407091 0.42034 0.43193 0.441816 0.449958 0.456324 0.46089 0.463636 0.464553 0.463636 0.46089 0.456324 0.449958 0.441816 0.43193 0.42034 0.407091 0.392235 0.375831 0.357944 0.338644 0.318008 0.296117 0.273057 0.24892 0.2238 0.197797 0.171013 0.143555 0.11553 0.0870485 0.0582239 0.0291695 
0.0224792 0.0448697 0.0670832 0.0890318 0.110629 0.13179 0.15243 0.172469 0.191828 0.210429 0.2282 0.24507 0.260973 0.275846 0.289631 0.302272 0.313721 0.323931 0.332863 0.340482 0.346756 0.351662 0.35518 0.357297 0.358003 0.357297 0.35518 0.351662 0.346756 0.340482 0.332863 0.323931 0.313721 0.302272 0.289631 0.275846 0.260973 0.24507 0.2282 0.210429 0.191828 0.172469 0.15243 0.13179 0.110629 0.0890318 0.0670832 0.0448697 0.0224792 
0.0153283 0.0305961 0.0457431 0.0607097 0.0754366 0.0898658 0.10394 0.117605 0.130805 0.143489 0.155607 0.16711 0.177954 0.188096 0.197496 0.206116 0.213922 0.220884 0.226975 0.23217 0.236448 0.239794 0.242193 0.243636 0.244118 0.243636 0.242193 0.239794 0.236448 0.23217 0.226975 0.220884 0.213922 0.206116 0.197496 0.188096 0.177954 0.16711 0.155607 0.143489 0.130805 0.117605 0.10394 0.0898658 0.0754366 0.0607097 0.0457431 0.0305961 0.0153283 
0.00780152 0.0155722 0.0232815 0.0308989 0.0383944 0.0457383 0.0529017 0.0598563 0.0665747 0.0730304 0.0791979 0.0850528 0.090572 0.0957338 0.100518 0.104905 0.108878 0.112422 0.115522 0.118166 0.120343 0.122046 0.123267 0.124002 0.124247 0.124002 0.123267 0.122046 0.120343 0.118166 0.115522 0.112422 0.108878 0.104905 0.100518 0.0957338 0.090572 0.0850528 0.0791979 0.0730304 0.0665747 0.0598563 0.0529017 0.0457383 0.0383944 0.0308989 0.0232815 0.0155722 0.00780152 
