0.00120895 0.00238813 0.00350851 0.0045425 0.00546464 0.00625221 0.00688584 0.00734992 0.00763301 0.00772816 0.00763301 0.00734992 0.00688584 0.00625221 0.00546464 0.0045425 0.00350851 0.00238813 0.00120895 
0.00487471 0.00962939 0.014147 0.0183162 0.0220344 0.0252101 0.027765 0.0296362 0.0307777 0.0311614 0.0307777 0.0296362 0.027765 0.0252101 0.0220344 0.0183162 0.014147 0.00962939 0.00487471 
0.0109915 0.0217123 0.0318986 0.0412993 0.0496832 0.0568437 0.0626045 0.0668237 0.0693976 0.0702626 0.0693976 0.0668237 0.0626045 0.0568437 0.0496832 0.0412993 0.0318986 0.0217123 0.0109915 
0.0195346 0.0385881 0.0566915 0.0733989 0.0882991 0.101025 0.111263 0.118762 0.123336 0.124874 0.123336 0.118762 0.111263 0.101025 0.0882991 0.0733989 0.0566915 0.0385881 0.0195346 
0.0304376 0.0601258 0.0883335 0.114366 0.137583 0.157411 0.173364 0.185048 0.192176 0.194571 0.192176 0.185048 0.173364 0.157411 0.137583 0.114366 0.0883335 0.0601258 0.0304376 
0.0435619 0.0860512 0.126422 0.163679 0.196906 0.225285 0.248116 0.264838 0.275039 0.278467 0.275039 0.264838 0.248116 0.225285 0.196906 0.163679 0.126422 0.0860512 0.0435619 
0.0586574 0.115871 0.170231 0.220399 0.26514 0.303353 0.334096 0.356613 0.370349 0.374965 0.370349 0.356613 0.334096 0.303353 0.26514 0.220399 0.170231 0.115871 0.0586574 
0.0753196 0.148785 0.218586 0.283005 0.340456 0.389523 0.428999 0.457912 0.47555 0.481477 0.47555 0.457912 0.428999 0.389523 0.340456 0.283005 0.218586 0.148785 0.0753196 
0.0929442 0.1836 0.269735 0.349228 0.420122 0.480671 0.529384 0.565062 0.586827 0.594142 0.586827 0.565062 0.529384 0.480671 0.420122 0.349228 0.269735 0.1836 0.0929442 
0.110687 0.218649 0.321226 0.415894 0.500322 0.57243 0.630442 0.672931 0.698851 0.707562 0.698851 0.672931 0.630442 0.57243 0.500322 0.415894 0.321226 0.218649 0.110687 
0.127438 0.251737 0.369838 0.478833 0.576037 0.659056 0.725848 0.774767 0.804609 0.814639 0.804609 0.774767 0.725848 0.659056 0.576037 0.478833 0.369838 0.251737 0.127438 
0.141817 0.280141 0.411568 0.53286 0.641032 0.733419 0.807747 0.862186 0.895395 0.906556 0.895395 0.862186 0.807747 0.733419 0.641032 0.53286 0.411568 0.280141 0.141817 
0.152213 0.300678 0.441739 0.571923 0.688025 0.787185 0.866962 0.925391 0.961034 0.973014 0.961034 0.925391 0.866962 0.787185 0.688025 0.571923 0.441739 0.300678 0.152213 
0.156872 0.309881 0.455259 0.589428 0.709083 0.811278 0.893496 0.953714 0.990448 1.00279 0.990448 0.953714 0.893496 0.811278 0.709083 0.589428 0.455259 0.309881 0.156872 
0.154047 0.304302 0.447063 0.578816 0.696317 0.796672 0.877411 0.936544 0.972617 0.984741 0.972617 0.936544 0.877411 0.796672 0.696317 0.578816 0.447063 0.304302 0.154047 
0.142228 0.280954 0.412762 0.534407 0.642892 0.735548 0.810091 0.864688 0.897993 0.909187 0.897993 0.864688 0.810091 0.735548 0.642892 0.534407 0.412762 0.280954 0.142228 
0.120424 0.237884 0.349485 0.452481 0.544336 0.622787 0.685903 0.73213 0.76033 0.769807 0.76033 0.73213 0.685903 0.622787 0.544336 0.452481 0.349485 0.237884 0.120424 
0.0885034 0.174828 0.256847 0.332542 0.400048 0.457704 0.50409 0.538064 0.558788 0.565754 0.558788 0.538064 0.50409 0.457704 0.400048 0.332542 0.256847 0.174828 0.0885034 
0.0475232 0.0938761 0.137918 0.178563 0.214812 0.245771 0.270678 0.288921 0.300049 0.30379 0.300049 0.288921 0.270678 0.245771 0.214812 0.178563 0.137918 0.0938761 0.0475232 
