7.64635e-05 0.000152625 0.000228185 0.000302844 0.000376307 0.000448286 0.000518495 0.000586658 0.000652506 0.000715779 0.000776227 0.000833611 0.000887706 0.000938297 0.000985185 0.00102819 0.00106713 0.00110186 0.00113224 0.00115815 0.0011795 0.00119619 0.00120815 0.00121535 0.00121776 0.00121535 0.00120815 0.00119619 0.0011795 0.00115815 0.00113224 0.00110186 0.00106713 0.00102819 0.000985185 0.000938297 0.000887706 0.000833611 0.000776227 0.000715779 0.000652506 0.000586658 0.000518495 0.000448286 0.000376307 0.000302844 0.000228185 0.000152625 7.64635e-05 
0.000310744 0.000620261 0.00092733 0.00123074 0.00152929 0.00182181 0.00210714 0.00238415 0.00265175 0.00290889 0.00315454 0.00338775 0.00360759 0.00381319 0.00400374 0.00417849 0.00433675 0.00447789 0.00460137 0.00470668 0.00479342 0.00486124 0.00490987 0.00493913 0.00494889 0.00493913 0.00490987 0.00486124 0.00479342 0.00470668 0.00460137 0.00447789 0.00433675 0.00417849 0.00400374 0.00381319 0.00360759 0.00338775 0.00315454 0.00290889 0.00265175 0.00238415 0.00210714 0.00182181 0.00152929 0.00123074 0.00092733 0.000620261 0.000310744 
0.000702838 0.0014029 0.00209743 0.00278368 0.00345895 0.00412056 0.00476591 0.00539245 0.00599771 0.0065793 0.00713493 0.0076624 0.00815962 0.00862465 0.00905564 0.00945088 0.00980883 0.0101281 0.0104073 0.0106455 0.0108417 0.0109951 0.0111051 0.0111713 0.0111934 0.0111713 0.0111051 0.0109951 0.0108417 0.0106455 0.0104073 0.0101281 0.00980883 0.00945088 0.00905564 0.00862465 0.00815962 0.0076624 0.00713493 0.0065793 0.00599771 0.00539245 0.00476591 0.00412056 0.00345895 0.00278368 0.00209743 0.0014029 0.000702838 
0.00125271 0.00250048 0.00373839 0.00496153 0.0061651 0.00734434 0.00849459 0.00961132 0.0106901 0.0117267 0.012717 0.0136572 0.0145434 0.0153723 0.0161404 0.0168449 0.0174829 0.0180519 0.0185497 0.0189742 0.0193239 0.0195973 0.0197934 0.0199113 0.0199507 0.0199113 0.0197934 0.0195973 0.0193239 0.0189742 0.0185497 0.0180519 0.0174829 0.0168449 0.0161404 0.0153723 0.0145434 0.0136572 0.012717 0.0117267 0.0106901 0.00961132 0.00849459 0.00734434 0.0061651 0.00496153 0.00373839 0.00250048 0.00125271 
0.00196027 0.0039128 0.00584989 0.0077639 0.00964726 0.0114925 0.0132925 0.01504 0.0167281 0.0183502 0.0198999 0.021371 0.0227578 0.0240548 0.0252569 0.0263592 0.0273576 0.028248 0.0290269 0.0296912 0.0302384 0.0306662 0.030973 0.0311576 0.0312192 0.0311576 0.030973 0.0306662 0.0302384 0.0296912 0.0290269 0.028248 0.0273576 0.0263592 0.0252569 0.0240548 0.0227578 0.021371 0.0198999 0.0183502 0.0167281 0.01504 0.0132925 0.0114925 0.00964726 0.0077639 0.00584989 0.0039128 0.00196027 
0.00282528 0.00563941 0.00843128 0.0111899 0.0139043 0.0165639 0.0191581 0.0216767 0.0241097 0.0264476 0.0286811 0.0308014 0.0328002 0.0346695 0.036402 0.0379908 0.0394297 0.040713 0.0418356 0.0427931 0.0435817 0.0441983 0.0446405 0.0449065 0.0449953 0.0449065 0.0446405 0.0441983 0.0435817 0.0427931 0.0418356 0.040713 0.0394297 0.0379908 0.036402 0.0346695 0.0328002 0.0308014 0.0286811 0.0264476 0.0241097 0.0216767 0.0191581 0.0165639 0.0139043 0.0111899 0.00843128 0.00563941 0.00282528 
0.00384734 0.00767949 0.0114813 0.0152379 0.0189343 0.0225559 0.0260886 0.0295183 0.0328315 0.0360151 0.0390566 0.041944 0.0446658 0.0472113 0.0495706 0.0517341 0.0536936 0.0554411 0.0569698 0.0582737 0.0593476 0.0601873 0.0607894 0.0611517 0.0612726 0.0611517 0.0607894 0.0601873 0.0593476 0.0582737 0.0569698 0.0554411 0.0536936 0.0517341 0.0495706 0.0472113 0.0446658 0.041944 0.0390566 0.0360151 0.0328315 0.0295183 0.0260886 0.0225559 0.0189343 0.0152379 0.0114813 0.00767949 0.00384734 
0.00502576 0.0100317 0.014998 0.0199052 0.0247337 0.0294647 0.0340794 0.0385596 0.0428876 0.0470464 0.0510195 0.0547912 0.0583467 0.0616719 0.0647538 0.0675801 0.0701396 0.0724224 0.0744194 0.0761226 0.0775255 0.0786223 0.0794089 0.0798821 0.0800401 0.0798821 0.0794089 0.0786223 0.0775255 0.0761226 0.0744194 0.0724224 0.0701396 0.0675801 0.0647538 0.0616719 0.0583467 0.0547912 0.0510195 0.0470464 0.0428876 0.0385596 0.0340794 0.0294647 0.0247337 0.0199052 0.014998 0.0100317 0.00502576 
0.00635949 0.0126939 0.0189782 0.0251876 0.0312976 0.0372841 0.0431234 0.0487925 0.0542691 0.0595315 0.064559 0.0693317 0.0738307 0.0780384 0.0819381 0.0855145 0.0887533 0.0916419 0.0941688 0.096324 0.0980992 0.0994871 0.100482 0.101081 0.101281 0.101081 0.100482 0.0994871 0.0980992 0.096324 0.0941688 0.0916419 0.0887533 0.0855145 0.0819381 0.0780384 0.0738307 0.0693317 0.064559 0.0595315 0.0542691 0.0487925 0.0431234 0.0372841 0.0312976 0.0251876 0.0189782 0.0126939 0.00635949 
0.00784702 0.0156631 0.0234173 0.0310791 0.0386183 0.046005 0.0532102 0.0602054 0.066963 0.0734563 0.0796598 0.0855488 0.0911002 0.0962921 0.101104 0.105517 0.109513 0.113077 0.116195 0.118855 0.121045 0.122758 0.123986 0.124725 0.124971 0.124725 0.123986 0.122758 0.121045 0.118855 0.116195 0.113077 0.109513 0.105517 0.101104 0.0962921 0.0911002 0.0855488 0.0796598 0.0734563 0.066963 0.0602054 0.0532102 0.046005 0.0386183 0.0310791 0.0234173 0.0156631 0.00784702 
0.00948621 0.018935 0.028309 0.0375713 0.0466854 0.0556152 0.0643255 0.0727819 0.0809511 0.0888009 0.0963001 0.103419 0.11013 0.116407 0.122224 0.127559 0.13239 0.136699 0.140468 0.143683 0.146331 0.148401 0.149886 0.150779 0.151077 0.150779 0.149886 0.148401 0.146331 0.143683 0.140468 0.136699 0.13239 0.127559 0.122224 0.116407 0.11013 0.103419 0.0963001 0.0888009 0.0809511 0.0727819 0.0643255 0.0556152 0.0466854 0.0375713 0.028309 0.018935 0.00948621 
0.0112742 0.0225039 0.0336448 0.0446529 0.0554847 0.0660976 0.0764497 0.0865 0.096209 0.105538 0.114451 0.122912 0.130888 0.138347 0.145261 0.151601 0.157343 0.162464 0.166944 0.170764 0.173911 0.176372 0.178137 0.179198 0.179552 0.179198 0.178137 0.176372 0.173911 0.170764 0.166944 0.162464 0.157343 0.151601 0.145261 0.138347 0.130888 0.122912 0.114451 0.105538 0.096209 0.0865 0.0764497 0.0660976 0.0554847 0.0446529 0.0336448 0.0225039 0.0112742 
0.0132072 0.0263623 0.0394133 0.0523088 0.0649978 0.0774304 0.0895573 0.101331 0.112704 0.123633 0.134074 0.143986 0.153329 0.162068 0.170167 0.177594 0.18432 0.190319 0.195567 0.200043 0.203729 0.206612 0.208679 0.209922 0.210337 0.209922 0.208679 0.206612 0.203729 0.200043 0.195567 0.190319 0.18432 0.177594 0.170167 0.162068 0.153329 0.143986 0.134074 0.123633 0.112704 0.101331 0.0895573 0.0774304 0.0649978 0.0523088 0.0394133 0.0263623 0.0132072 
0.0152804 0.0305005 0.0456003 0.0605201 0.075201 0.0895852 0.103616 0.117237 0.130396 0.143041 0.155121 0.166588 0.177399 0.187509 0.196879 0.205472 0.213254 0.220195 0.226266 0.231445 0.23571 0.239045 0.241437 0.242875 0.243356 0.242875 0.241437 0.239045 0.23571 0.231445 0.226266 0.220195 0.213254 0.205472 0.196879 0.187509 0.177399 0.166588 0.155121 0.143041 0.130396 0.117237 0.103616 0.0895852 0.075201 0.0605201 0.0456003 0.0305005 0.0152804 
0.0174878 0.0349067 0.0521877 0.0692628 0.0860646 0.102527 0.118584 0.134174 0.149234 0.163705 0.177529 0.190654 0.203026 0.214596 0.22532 0.235154 0.244061 0.252004 0.258953 0.264879 0.269761 0.273578 0.276315 0.277961 0.278511 0.277961 0.276315 0.273578 0.269761 0.264879 0.258953 0.252004 0.244061 0.235154 0.22532 0.214596 0.203026 0.190654 0.177529 0.163705 0.149234 0.134174 0.118584 0.102527 0.0860646 0.0692628 0.0521877 0.0349067 0.0174878 
0.019822 0.0395657 0.0591533 0.0785075 0.0975518 0.116211 0.134412 0.152082 0.169152 0.185555 0.201225 0.216101 0.230124 0.243239 0.255394 0.266541 0.276636 0.28564 0.293516 0.300234 0.305767 0.310093 0.313195 0.315061 0.315684 0.315061 0.313195 0.310093 0.305767 0.300234 0.293516 0.28564 0.276636 0.266541 0.255394 0.243239 0.230124 0.216101 0.201225 0.185555 0.169152 0.152082 0.134412 0.116211 0.0975518 0.0785075 0.0591533 0.0395657 0.019822 
0.0222738 0.0444598 0.0664702 0.0882184 0.109618 0.130586 0.151038 0.170894 0.190075 0.208507 0.226115 0.242831 0.258589 0.273326 0.286985 0.299511 0.310854 0.320972 0.329822 0.337371 0.343588 0.348449 0.351935 0.354033 0.354733 0.354033 0.351935 0.348449 0.343588 0.337371 0.329822 0.320972 0.310854 0.299511 0.286985 0.273326 0.258589 0.242831 0.226115 0.208507 0.190075 0.170894 0.151038 0.130586 0.109618 0.0882184 0.0664702 0.0444598 0.0222738 
0.0248326 0.0495672 0.0741061 0.0983526 0.122211 0.145587 0.168389 0.190525 0.21191 0.232459 0.25209 0.270727 0.288295 0.304725 0.319953 0.333917 0.346564 0.357844 0.367711 0.376127 0.383058 0.388478 0.392365 0.394703 0.395483 0.394703 0.392365 0.388478 0.383058 0.376127 0.367711 0.357844 0.346564 0.333917 0.319953 0.304725 0.288295 0.270727 0.25209 0.232459 0.21191 0.190525 0.168389 0.145587 0.122211 0.0983526 0.0741061 0.0495672 0.0248326 
0.0274855 0.0548625 0.0820229 0.10886 0.135267 0.16114 0.186378 0.210879 0.234549 0.257293 0.279021 0.299649 0.319093 0.337279 0.354133 0.36959 0.383588 0.396072 0.406994 0.416309 0.423981 0.429979 0.434281 0.436869 0.437733 0.436869 0.434281 0.429979 0.423981 0.416309 0.406994 0.396072 0.383588 0.36959 0.354133 0.337279 0.319093 0.299649 0.279021 0.257293 0.234549 0.210879 0.186378 0.16114 0.135267 0.10886 0.0820229 0.0548625 0.0274855 
0.0302175 0.0603158 0.0901761 0.11968 0.148712 0.177158 0.204904 0.231841 0.257863 0.282868 0.306756 0.329434 0.350812 0.370805 0.389334 0.406328 0.421717 0.435442 0.447449 0.45769 0.466125 0.47272 0.477449 0.480294 0.481244 0.480294 0.477449 0.47272 0.466125 0.45769 0.447449 0.435442 0.421717 0.406328 0.389334 0.370805 0.350812 0.329434 0.306756 0.282868 0.257863 0.231841 0.204904 0.177158 0.148712 0.11968 0.0901761 0.0603158 0.0302175 
0.0330116 0.0658929 0.0985142 0.130747 0.162463 0.193538 0.22385 0.253278 0.281706 0.309023 0.33512 0.359895 0.383249 0.405091 0.425334 0.443898 0.460711 0.475705 0.488822 0.50001 0.509225 0.516429 0.521596 0.524704 0.525742 0.524704 0.521596 0.516429 0.509225 0.50001 0.488822 0.475705 0.460711 0.443898 0.425334 0.405091 0.383249 0.359895 0.33512 0.309023 0.281706 0.253278 0.22385 0.193538 0.162463 0.130747 0.0985142 0.0658929 0.0330116 
0.0358479 0.0715543 0.106978 0.14198 0.176422 0.210167 0.243083 0.275039 0.30591 0.335574 0.363913 0.390817 0.416177 0.439896 0.461878 0.482037 0.500294 0.516577 0.530821 0.54297 0.552976 0.5608 0.566411 0.569786 0.570913 0.569786 0.566411 0.5608 0.552976 0.54297 0.530821 0.516577 0.500294 0.482037 0.461878 0.439896 0.416177 0.390817 0.363913 0.335574 0.30591 0.275039 0.243083 0.210167 0.176422 0.14198 0.106978 0.0715543 0.0358479 
0.0387041 0.0772555 0.115502 0.153293 0.190478 0.226912 0.262451 0.296953 0.330284 0.362311 0.392909 0.421955 0.449337 0.474945 0.498679 0.520444 0.540156 0.557736 0.573115 0.586232 0.597036 0.605483 0.61154 0.615185 0.616401 0.615185 0.61154 0.605483 0.597036 0.586232 0.573115 0.557736 0.540156 0.520444 0.498679 0.474945 0.449337 0.421955 0.392909 0.362311 0.330284 0.296953 0.262451 0.226912 0.190478 0.153293 0.115502 0.0772555 0.0387041 
0.0415553 0.0829465 0.12401 0.164585 0.20451 0.243628 0.281784 0.318828 0.354614 0.389001 0.421852 0.453039 0.482437 0.509932 0.535414 0.558783 0.579947 0.598822 0.615333 0.629417 0.641016 0.650085 0.656589 0.660502 0.661808 0.660502 0.656589 0.650085 0.641016 0.629417 0.615333 0.598822 0.579947 0.558783 0.535414 0.509932 0.482437 0.453039 0.421852 0.389001 0.354614 0.318828 0.281784 0.243628 0.20451 0.164585 0.12401 0.0829465 0.0415553 
0.0443735 0.0885718 0.132421 0.175747 0.218379 0.26015 0.300894 0.340451 0.378664 0.415382 0.450461 0.483763 0.515155 0.544514 0.571725 0.596678 0.619278 0.639433 0.657064 0.672103 0.684488 0.694173 0.701118 0.705296 0.70669 0.705296 0.701118 0.694173 0.684488 0.672103 0.657064 0.639433 0.619278 0.596678 0.571725 0.544514 0.515155 0.483763 0.450461 0.415382 0.378664 0.340451 0.300894 0.26015 0.218379 0.175747 0.132421 0.0885718 0.0443735 
0.0471281 0.0940702 0.140641 0.186657 0.231936 0.2763 0.319573 0.361585 0.40217 0.441168 0.478425 0.513794 0.547135 0.578317 0.607216 0.633719 0.657721 0.679127 0.697853 0.713825 0.72698 0.737266 0.744642 0.749079 0.75056 0.749079 0.744642 0.737266 0.72698 0.713825 0.697853 0.679127 0.657721 0.633719 0.607216 0.578317 0.547135 0.513794 0.478425 0.441168 0.40217 0.361585 0.319573 0.2763 0.231936 0.186657 0.140641 0.0940702 0.0471281 
0.0497857 0.0993749 0.148572 0.197183 0.245015 0.291881 0.337594 0.381975 0.424849 0.466046 0.505404 0.542767 0.577989 0.610929 0.641458 0.669455 0.694811 0.717424 0.737206 0.754079 0.767975 0.778841 0.786633 0.791321 0.792885 0.791321 0.786633 0.778841 0.767975 0.754079 0.737206 0.717424 0.694811 0.669455 0.641458 0.610929 0.577989 0.542767 0.505404 0.466046 0.424849 0.381975 0.337594 0.291881 0.245015 0.197183 0.148572 0.0993749 0.0497857 
0.0523102 0.104414 0.156105 0.207181 0.257439 0.306681 0.354712 0.401344 0.446392 0.489678 0.531032 0.570289 0.607296 0.641907 0.673984 0.703401 0.730042 0.753802 0.774587 0.792316 0.806917 0.818334 0.826521 0.831446 0.83309 0.831446 0.826521 0.818334 0.806917 0.792316 0.774587 0.753802 0.730042 0.703401 0.673984 0.641907 0.607296 0.570289 0.531032 0.489678 0.446392 0.401344 0.354712 0.306681 0.257439 0.207181 0.156105 0.104414 0.0523102 
0.0546628 0.10911 0.163126 0.216499 0.269017 0.320474 0.370666 0.419395 0.466469 0.511701 0.554915 0.595938 0.63461 0.670777 0.704297 0.735037 0.762876 0.787705 0.809425 0.82795 0.843208 0.855139 0.863694 0.868841 0.870559 0.868841 0.863694 0.855139 0.843208 0.82795 0.809425 0.787705 0.762876 0.735037 0.704297 0.670777 0.63461 0.595938 0.554915 0.511701 0.466469 0.419395 0.370666 0.320474 0.269017 0.216499 0.163126 0.10911 0.0546628 
0.0568027 0.113381 0.169512 0.224974 0.279549 0.33302 0.385176 0.435813 0.48473 0.531733 0.576638 0.619268 0.659453 0.697036 0.731868 0.763812 0.792741 0.818542 0.841112 0.860363 0.876218 0.888615 0.897505 0.902854 0.904639 0.902854 0.897505 0.888615 0.876218 0.860363 0.841112 0.818542 0.792741 0.763812 0.731868 0.697036 0.659453 0.619268 0.576638 0.531733 0.48473 0.435813 0.385176 0.33302 0.279549 0.224974 0.169512 0.113381 0.0568027 
0.058687 0.117142 0.175135 0.232437 0.288822 0.344067 0.397953 0.45027 0.500809 0.549372 0.595766 0.63981 0.681328 0.720158 0.756145 0.789149 0.819037 0.845694 0.869013 0.888902 0.905283 0.918092 0.927277 0.932803 0.934647 0.932803 0.927277 0.918092 0.905283 0.888902 0.869013 0.845694 0.819037 0.789149 0.756145 0.720158 0.681328 0.63981 0.595766 0.549372 0.500809 0.45027 0.397953 0.344067 0.288822 0.232437 0.175135 0.117142 0.058687 
0.0602711 0.120304 0.179863 0.238711 0.296618 0.353354 0.408695 0.462424 0.514327 0.564201 0.611848 0.65708 0.699719 0.739597 0.776556 0.81045 0.841145 0.868522 0.89247 0.912896 0.929719 0.942874 0.952307 0.957982 0.959876 0.957982 0.952307 0.942874 0.929719 0.912896 0.89247 0.868522 0.841145 0.81045 0.776556 0.739597 0.699719 0.65708 0.611848 0.564201 0.514327 0.462424 0.408695 0.353354 0.296618 0.238711 0.179863 0.120304 0.0602711 
0.0615097 0.122777 0.183559 0.243617 0.302713 0.360615 0.417094 0.471927 0.524897 0.575795 0.624421 0.670583 0.714099 0.754796 0.792514 0.827105 0.858431 0.88637 0.91081 0.931656 0.948825 0.96225 0.971877 0.977668 0.979601 0.977668 0.971877 0.96225 0.948825 0.931656 0.91081 0.88637 0.858431 0.827105 0.792514 0.754796 0.714099 0.670583 0.624421 0.575795 0.524897 0.471927 0.417094 0.360615 0.302713 0.243617 0.183559 0.122777 0.0615097 
0.062357 0.124468 0.186088 0.246973 0.306883 0.365583 0.42284 0.478427 0.532127 0.583727 0.633023 0.679821 0.723936 0.765193 0.803431 0.838498 0.870256 0.89858 0.923357 0.94449 0.961896 0.975505 0.985265 0.991136 0.993096 0.991136 0.985265 0.975505 0.961896 0.94449 0.923357 0.89858 0.870256 0.838498 0.803431 0.765193 0.723936 0.679821 0.633023 0.583727 0.532127 0.478427 0.42284 0.365583 0.306883 0.246973 0.186088 0.124468 0.062357 
0.0627677 0.125288 0.187313 0.2486 0.308905 0.367991 0.425625 0.481579 0.535632 0.587572 0.637193 0.684299 0.728704 0.770233 0.808723 0.844021 0.875988 0.904499 0.929439 0.950711 0.968231 0.981931 0.991754 0.997664 0.999637 0.997664 0.991754 0.981931 0.968231 0.950711 0.929439 0.904499 0.875988 0.844021 0.808723 0.770233 0.728704 0.684299 0.637193 0.587572 0.535632 0.481579 0.425625 0.367991 0.308905 0.2486 0.187313 0.125288 0.0627677 
0.0626979 0.125148 0.187105 0.248323 0.308561 0.367582 0.425151 0.481043 0.535036 0.586918 0.636484 0.683537 0.727893 0.769377 0.807824 0.843082 0.875014 0.903492 0.928405 0.949654 0.967154 0.980838 0.990651 0.996555 0.998525 0.996555 0.990651 0.980838 0.967154 0.949654 0.928405 0.903492 0.875014 0.843082 0.807824 0.769377 0.727893 0.683537 0.636484 0.586918 0.535036 0.481043 0.425151 0.367582 0.308561 0.248323 0.187105 0.125148 0.0626979 
0.0621059 0.123967 0.185338 0.245978 0.305648 0.364111 0.421137 0.476501 0.529985 0.581377 0.630474 0.677083 0.721021 0.762112 0.800196 0.835122 0.866752 0.894962 0.919639 0.940687 0.958023 0.971577 0.981298 0.987145 0.989097 0.987145 0.981298 0.971577 0.958023 0.940687 0.919639 0.894962 0.866752 0.835122 0.800196 0.762112 0.721021 0.677083 0.630474 0.581377 0.529985 0.476501 0.421137 0.364111 0.305648 0.245978 0.185338 0.123967 0.0621059 
0.0609536 0.121667 0.1819 0.241415 0.299977 0.357355 0.413323 0.46766 0.520151 0.57059 0.618776 0.664521 0.707643 0.747972 0.78535 0.819628 0.850671 0.878357 0.902576 0.923234 0.940248 0.953551 0.963091 0.96883 0.970745 0.96883 0.963091 0.953551 0.940248 0.923234 0.902576 0.878357 0.850671 0.819628 0.78535 0.747972 0.707643 0.664521 0.618776 0.57059 0.520151 0.46766 0.413323 0.357355 0.299977 0.241415 0.1819 0.121667 0.0609536 
0.0592075 0.118181 0.176689 0.234499 0.291384 0.347118 0.401483 0.454264 0.505251 0.554245 0.601051 0.645485 0.687372 0.726546 0.762853 0.796149 0.826303 0.853195 0.876721 0.896787 0.913314 0.926236 0.935502 0.941077 0.942938 0.941077 0.935502 0.926236 0.913314 0.896787 0.876721 0.853195 0.826303 0.796149 0.762853 0.726546 0.687372 0.645485 0.601051 0.554245 0.505251 0.454264 0.401483 0.347118 0.291384 0.234499 0.176689 0.118181 0.0592075 
0.0568403 0.113456 0.169624 0.225123 0.279733 0.33324 0.385431 0.436101 0.48505 0.532085 0.577019 0.619677 0.659889 0.697497 0.732352 0.764316 0.793265 0.819082 0.841667 0.860931 0.876797 0.889202 0.898098 0.90345 0.905236 0.90345 0.898098 0.889202 0.876797 0.860931 0.841667 0.819082 0.793265 0.764316 0.732352 0.697497 0.659889 0.619677 0.577019 0.532085 0.48505 0.436101 0.385431 0.33324 0.279733 0.225123 0.169624 0.113456 0.0568403 
0.0538317 0.107451 0.160646 0.213207 0.264927 0.315601 0.36503 0.413018 0.459376 0.503921 0.546477 0.586877 0.624961 0.660578 0.693588 0.723861 0.751277 0.775728 0.797118 0.815361 0.830387 0.842136 0.850562 0.85563 0.857322 0.85563 0.850562 0.842136 0.830387 0.815361 0.797118 0.775728 0.751277 0.723861 0.693588 0.660578 0.624961 0.586877 0.546477 0.503921 0.459376 0.413018 0.36503 0.315601 0.264927 0.213207 0.160646 0.107451 0.0538317 
0.0501705 0.100143 0.14972 0.198707 0.246909 0.294137 0.340204 0.384928 0.428133 0.469649 0.509311 0.546963 0.582457 0.615651 0.646416 0.67463 0.700182 0.72297 0.742905 0.759908 0.773912 0.784862 0.792714 0.797438 0.799015 0.797438 0.792714 0.784862 0.773912 0.759908 0.742905 0.72297 0.700182 0.67463 0.646416 0.615651 0.582457 0.546963 0.509311 0.469649 0.428133 0.384928 0.340204 0.294137 0.246909 0.198707 0.14972 0.100143 0.0501705 
0.0458558 0.0915307 0.136844 0.181618 0.225675 0.268841 0.310946 0.351824 0.391313 0.429259 0.46551 0.499924 0.532365 0.562705 0.590824 0.616611 0.639965 0.660794 0.679014 0.694555 0.707355 0.717363 0.72454 0.728857 0.730298 0.728857 0.72454 0.717363 0.707355 0.694555 0.679014 0.660794 0.639965 0.616611 0.590824 0.562705 0.532365 0.499924 0.46551 0.429259 0.391313 0.351824 0.310946 0.268841 0.225675 0.181618 0.136844 0.0915307 0.0458558 
0.0408981 0.0816347 0.122049 0.161982 0.201276 0.239775 0.277328 0.313786 0.349006 0.382849 0.415181 0.445874 0.474807 0.501867 0.526946 0.549946 0.570775 0.589351 0.605602 0.619462 0.630878 0.639804 0.646205 0.650056 0.651341 0.650056 0.646205 0.639804 0.630878 0.619462 0.605602 0.589351 0.570775 0.549946 0.526946 0.501867 0.474807 0.445874 0.415181 0.382849 0.349006 0.313786 0.277328 0.239775 0.201276 0.161982 0.122049 0.0816347 0.0408981 
0.0353208 0.0705022 0.105405 0.139893 0.173828 0.207077 0.239509 0.270995 0.301412 0.33064 0.358562 0.38507 0.410058 0.433428 0.455087 0.47495 0.492938 0.508981 0.523016 0.534986 0.544845 0.552554 0.558082 0.561408 0.562518 0.561408 0.558082 0.552554 0.544845 0.534986 0.523016 0.508981 0.492938 0.47495 0.455087 0.433428 0.410058 0.38507 0.358562 0.33064 0.301412 0.270995 0.239509 0.207077 0.173828 0.139893 0.105405 0.0705022 0.0353208 
0.0291616 0.0582082 0.087025 0.115498 0.143516 0.170967 0.197744 0.22374 0.248853 0.272984 0.296037 0.317922 0.338553 0.357847 0.37573 0.392129 0.406981 0.420226 0.431814 0.441697 0.449836 0.456201 0.460765 0.463511 0.464427 0.463511 0.460765 0.456201 0.449836 0.441697 0.431814 0.420226 0.406981 0.392129 0.37573 0.357847 0.338553 0.317922 0.296037 0.272984 0.248853 0.22374 0.197744 0.170967 0.143516 0.115498 0.087025 0.0582082 0.0291616 
0.0224733 0.0448579 0.0670655 0.0890083 0.1106 0.131755 0.15239 0.172424 0.191777 0.210374 0.22814 0.245006 0.260904 0.275774 0.289554 0.302193 0.313638 0.323846 0.332775 0.340392 0.346665 0.351569 0.355087 0.357203 0.357909 0.357203 0.355087 0.351569 0.346665 0.340392 0.332775 0.323846 0.313638 0.302193 0.289554 0.275774 0.260904 0.245006 0.22814 0.210374 0.191777 0.172424 0.15239 0.131755 0.1106 0.0890083 0.0670655 0.0448579 0.0224733 
0.0153243 0.0305882 0.0457313 0.0606939 0.075417 0.0898425 0.103913 0.117574 0.130771 0.143452 0.155566 0.167067 0.177908 0.188047 0.197444 0.206062 0.213867 0.220827 0.226916 0.23211 0.236387 0.239732 0.24213 0.243573 0.244055 0.243573 0.24213 0.239732 0.236387 0.23211 0.226916 0.220827 0.213867 0.206062 0.197444 0.188047 0.177908 0.167067 0.155566 0.143452 0.130771 0.117574 0.103913 0.0898425 0.075417 0.0606939 0.0457313 0.0305882 0.0153243 
0.00779953 0.0155683 0.0232756 0.030891 0.0383846 0.0457266 0.0528882 0.0598411 0.0665578 0.0730118 0.0791777 0.0850311 0.0905489 0.0957094 0.100492 0.104878 0.108851 0.112393 0.115492 0.118136 0.120313 0.122015 0.123236 0.12397 0.124215 0.12397 0.123236 0.122015 0.120313 0.118136 0.115492 0.112393 0.108851 0.104878 0.100492 0.0957094 0.0905489 0.0850311 0.0791777 0.0730118 0.0665578 0.0598411 0.0528882 0.0457266 0.0383846 0.030891 0.0232756 0.0155683 0.00779953 
