0.001208 0.00238614 0.0035055 0.00453852 0.00545978 0.00624659 0.00687959 0.00734319 0.00762598 0.00772098 0.00762588 0.007343 0.00687931 0.00624623 0.00545935 0.00453806 0.00350503 0.00238571 0.00120768 
0.00487266 0.00962515 0.0141406 0.0183078 0.0220242 0.0251982 0.0277518 0.0296221 0.0307629 0.0311463 0.0307628 0.0296217 0.0277513 0.0251976 0.0220234 0.0183069 0.0141397 0.00962438 0.00487211 
0.0109884 0.0217059 0.0318889 0.0412866 0.0496677 0.0568258 0.0625847 0.0668025 0.0693754 0.0702401 0.0693752 0.066802 0.062584 0.056825 0.0496667 0.0412856 0.0318878 0.0217049 0.0109877 
0.0195304 0.0385796 0.0566787 0.0733822 0.0882788 0.101002 0.111237 0.118734 0.123307 0.124844 0.123307 0.118734 0.111237 0.101001 0.0882777 0.073381 0.0566775 0.0385785 0.0195296 
0.0304325 0.0601154 0.0883179 0.114346 0.137558 0.157383 0.173333 0.185015 0.192141 0.194535 0.19214 0.185014 0.173332 0.157382 0.137557 0.114345 0.0883167 0.0601143 0.0304317 
0.0435559 0.0860391 0.126404 0.163656 0.196878 0.225252 0.24808 0.264799 0.274999 0.278426 0.274998 0.264799 0.248079 0.225251 0.196877 0.163654 0.126402 0.086038 0.0435552 
0.0586508 0.115857 0.170211 0.220373 0.265109 0.303317 0.334056 0.35657 0.370304 0.37492 0.370304 0.35657 0.334056 0.303316 0.265108 0.220372 0.17021 0.115856 0.0586501 
0.0753124 0.14877 0.218565 0.282977 0.340422 0.389484 0.428956 0.457866 0.475502 0.481429 0.475502 0.457866 0.428956 0.389484 0.340421 0.282976 0.218564 0.148769 0.0753119 
0.0929366 0.183585 0.269712 0.349198 0.420086 0.48063 0.529339 0.565014 0.586777 0.594091 0.586777 0.565014 0.529339 0.48063 0.420086 0.349198 0.269712 0.183584 0.0929362 
0.110679 0.218633 0.321203 0.415865 0.500286 0.572388 0.630397 0.672883 0.6988 0.707511 0.6988 0.672883 0.630397 0.572388 0.500286 0.415864 0.321203 0.218633 0.110679 
0.12743 0.251722 0.369815 0.478803 0.576001 0.659016 0.725803 0.774719 0.804559 0.814588 0.804559 0.774719 0.725803 0.659016 0.576001 0.478803 0.369815 0.251722 0.12743 
0.141809 0.280126 0.411545 0.532831 0.640997 0.73338 0.807704 0.862139 0.895346 0.906507 0.895347 0.86214 0.807704 0.73338 0.640998 0.532832 0.411546 0.280126 0.141809 
0.152206 0.300663 0.441718 0.571896 0.687992 0.787147 0.866921 0.925347 0.960989 0.972968 0.960989 0.925348 0.866921 0.787148 0.687993 0.571897 0.441719 0.300664 0.152206 
0.156865 0.309867 0.45524 0.589403 0.709053 0.811244 0.893459 0.953674 0.990407 1.00275 0.990407 0.953675 0.89346 0.811244 0.709054 0.589404 0.455241 0.309868 0.156865 
0.154042 0.30429 0.447046 0.578794 0.696291 0.796642 0.877378 0.936509 0.972581 0.984705 0.972581 0.93651 0.877378 0.796643 0.696292 0.578795 0.447047 0.304291 0.154042 
0.142223 0.280944 0.412748 0.534388 0.64287 0.735523 0.810064 0.864659 0.897963 0.909157 0.897963 0.864659 0.810065 0.735523 0.642871 0.534389 0.412749 0.280945 0.142224 
0.120421 0.237876 0.349474 0.452467 0.544319 0.622768 0.685882 0.732108 0.760307 0.769784 0.760307 0.732108 0.685883 0.622769 0.54432 0.452468 0.349475 0.237877 0.120421 
0.0885007 0.174822 0.256839 0.332532 0.400037 0.457691 0.504076 0.538049 0.558773 0.565738 0.558773 0.538049 0.504076 0.457692 0.400037 0.332533 0.25684 0.174823 0.0885011 
0.0475218 0.0938735 0.137914 0.178558 0.214806 0.245764 0.270671 0.288913 0.300041 0.303782 0.300042 0.288913 0.270671 0.245765 0.214806 0.178559 0.137914 0.0938739 0.047522 
