7.84531e-05 0.000156597 0.000234122 0.000310723 0.000386099 0.00045995 0.000531986 0.000601923 0.000669484 0.000734403 0.000796424 0.000855302 0.000910804 0.000962712 0.00101082 0.00105494 0.00109489 0.00113053 0.0011617 0.00118829 0.00121019 0.00122731 0.00123959 0.00124698 0.00124944 0.00124698 0.00123959 0.00122731 0.00121019 0.00118829 0.0011617 0.00113053 0.00109489 0.00105494 0.00101082 0.000962712 0.000910805 0.000855302 0.000796425 0.000734404 0.000669485 0.000601924 0.000531987 0.000459951 0.000386099 0.000310724 0.000234122 0.000156597 7.84532e-05 
0.000314715 0.000628188 0.000939181 0.00124647 0.00154884 0.00184509 0.00213407 0.00241462 0.00268564 0.00294606 0.00319486 0.00343105 0.00365369 0.00386192 0.00405491 0.00423189 0.00439217 0.00453512 0.00466017 0.00476683 0.00485468 0.00492336 0.00497262 0.00500225 0.00501214 0.00500225 0.00497262 0.00492336 0.00485468 0.00476683 0.00466017 0.00453512 0.00439217 0.00423189 0.00405491 0.00386192 0.00365369 0.00343105 0.00319486 0.00294606 0.00268564 0.00241462 0.00213407 0.00184509 0.00154884 0.00124647 0.000939182 0.000628188 0.000314715 
0.000708775 0.00141475 0.00211515 0.0028072 0.00348816 0.00415537 0.00480617 0.00543801 0.00604838 0.00663488 0.0071952 0.00772713 0.00822855 0.00869751 0.00913213 0.00953072 0.0098917 0.0102136 0.0104953 0.0107355 0.0109333 0.011088 0.0111989 0.0112657 0.0112879 0.0112657 0.0111989 0.011088 0.0109333 0.0107355 0.0104953 0.0102136 0.0098917 0.00953072 0.00913214 0.00869751 0.00822856 0.00772713 0.0071952 0.00663489 0.00604838 0.00543801 0.00480617 0.00415537 0.00348817 0.0028072 0.00211515 0.00141475 0.000708776 
0.00126059 0.00251621 0.0037619 0.00499274 0.00620388 0.00739054 0.00854802 0.00967177 0.0107574 0.0118005 0.012797 0.0137431 0.0146349 0.015469 0.016242 0.0169509 0.0175929 0.0181655 0.0186664 0.0190936 0.0194455 0.0197206 0.0199179 0.0200366 0.0200762 0.0200366 0.0199179 0.0197206 0.0194455 0.0190936 0.0186664 0.0181655 0.0175929 0.0169509 0.016242 0.015469 0.0146349 0.0137431 0.012797 0.0118005 0.0107574 0.00967178 0.00854802 0.00739054 0.00620388 0.00499274 0.0037619 0.00251621 0.00126059 
0.00197006 0.00393235 0.00587911 0.00780268 0.00969545 0.01155 0.0133589 0.0151151 0.0168116 0.0184418 0.0199993 0.0214778 0.0228715 0.024175 0.025383 0.0264909 0.0274942 0.0283891 0.0291719 0.0298395 0.0303894 0.0308194 0.0311277 0.0313132 0.0313751 0.0313132 0.0311277 0.0308194 0.0303894 0.0298395 0.0291719 0.0283891 0.0274942 0.0264909 0.025383 0.024175 0.0228715 0.0214778 0.0199993 0.0184418 0.0168116 0.0151151 0.0133589 0.01155 0.00969545 0.00780268 0.00587911 0.00393235 0.00197006 
0.00283694 0.00566269 0.00846609 0.0112361 0.0139617 0.0166323 0.0192372 0.0217662 0.0242092 0.0265568 0.0287995 0.0309286 0.0329356 0.0348126 0.0365523 0.0381477 0.0395925 0.0408811 0.0420083 0.0429698 0.0437617 0.0443808 0.0448248 0.0450919 0.0451811 0.0450919 0.0448248 0.0443808 0.0437617 0.0429698 0.0420083 0.0408811 0.0395925 0.0381477 0.0365523 0.0348126 0.0329356 0.0309286 0.0287995 0.0265568 0.0242092 0.0217662 0.0192372 0.0166323 0.0139617 0.0112361 0.0084661 0.00566269 0.00283695 
0.00386083 0.00770642 0.0115216 0.0152913 0.0190007 0.022635 0.0261801 0.0296218 0.0329466 0.0361414 0.0391936 0.042091 0.0448224 0.0473769 0.0497444 0.0519156 0.0538819 0.0556355 0.0571696 0.058478 0.0595557 0.0603983 0.0610026 0.0613661 0.0614874 0.0613661 0.0610026 0.0603983 0.0595557 0.058478 0.0571696 0.0556355 0.0538819 0.0519156 0.0497444 0.0473769 0.0448224 0.042091 0.0391936 0.0361414 0.0329466 0.0296218 0.0261801 0.022635 0.0190007 0.0152913 0.0115216 0.00770642 0.00386083 
0.00504102 0.0100621 0.0150436 0.0199656 0.0248089 0.0295542 0.0341829 0.0386767 0.0430179 0.0471893 0.0511744 0.0549576 0.0585239 0.0618592 0.0649504 0.0677853 0.0703527 0.0726424 0.0746454 0.0763538 0.0777609 0.0788611 0.0796501 0.0801248 0.0802832 0.0801248 0.0796501 0.0788611 0.0777609 0.0763538 0.0746454 0.0726424 0.0703527 0.0677853 0.0649505 0.0618592 0.0585239 0.0549576 0.0511744 0.0471893 0.0430179 0.0386767 0.0341829 0.0295542 0.0248089 0.0199656 0.0150436 0.0100622 0.00504102 
0.00637647 0.0127278 0.0190289 0.0252548 0.0313811 0.0373836 0.0432385 0.0489228 0.054414 0.0596905 0.0647314 0.0695168 0.0740279 0.0782468 0.0821569 0.0857428 0.0889903 0.0918865 0.0944202 0.0965812 0.0983611 0.0997527 0.100751 0.101351 0.101551 0.101351 0.100751 0.0997527 0.0983611 0.0965812 0.0944202 0.0918865 0.0889903 0.0857428 0.0821569 0.0782468 0.0740279 0.0695168 0.0647314 0.0596905 0.054414 0.0489228 0.0432385 0.0373836 0.0313811 0.0252548 0.0190289 0.0127278 0.00637647 
0.00786564 0.0157002 0.0234729 0.0311529 0.0387099 0.0461142 0.0533365 0.0603483 0.067122 0.0736307 0.0798488 0.0857519 0.0913164 0.0965207 0.101344 0.105767 0.109773 0.113346 0.116471 0.119137 0.121332 0.123049 0.12428 0.125021 0.125268 0.125021 0.12428 0.123049 0.121332 0.119137 0.116471 0.113346 0.109773 0.105767 0.101344 0.0965207 0.0913165 0.0857519 0.0798488 0.0736307 0.067122 0.0603483 0.0533365 0.0461142 0.0387099 0.0311529 0.0234729 0.0157002 0.00786564 
0.0095064 0.0189753 0.0283693 0.0376513 0.0467848 0.0557336 0.0644624 0.0729369 0.0811235 0.0889899 0.0965052 0.10364 0.110365 0.116655 0.122484 0.12783 0.132672 0.13699 0.140767 0.143989 0.146642 0.148717 0.150205 0.1511 0.151399 0.1511 0.150205 0.148717 0.146642 0.143989 0.140767 0.13699 0.132672 0.12783 0.122484 0.116655 0.110365 0.10364 0.0965052 0.0889899 0.0811235 0.0729369 0.0644624 0.0557336 0.0467848 0.0376513 0.0283693 0.0189753 0.0095064 
0.0112959 0.0225472 0.0337095 0.0447388 0.0555915 0.0662248 0.0765968 0.0866664 0.0963941 0.105741 0.114671 0.123149 0.13114 0.138614 0.14554 0.151893 0.157646 0.162776 0.167265 0.171093 0.174246 0.176711 0.178479 0.179543 0.179898 0.179543 0.178479 0.176711 0.174246 0.171093 0.167265 0.162776 0.157646 0.151893 0.14554 0.138614 0.13114 0.123149 0.114671 0.105741 0.0963941 0.0866664 0.0765968 0.0662248 0.0555915 0.0447388 0.0337095 0.0225472 0.0112959 
0.0132303 0.0264084 0.0394822 0.0524003 0.0651115 0.0775658 0.0897139 0.101508 0.112902 0.123849 0.134309 0.144238 0.153598 0.162351 0.170464 0.177904 0.184642 0.190652 0.195909 0.200393 0.204086 0.206973 0.209044 0.21029 0.210705 0.21029 0.209044 0.206973 0.204086 0.200393 0.195909 0.190652 0.184642 0.177904 0.170464 0.162351 0.153598 0.144238 0.134309 0.123849 0.112902 0.101508 0.089714 0.0775658 0.0651115 0.0524003 0.0394822 0.0264084 0.0132303 
0.0153048 0.0305493 0.0456732 0.0606168 0.0753212 0.0897283 0.103781 0.117425 0.130605 0.143269 0.155369 0.166855 0.177682 0.187808 0.197193 0.2058 0.213595 0.220547 0.226628 0.231815 0.236087 0.239427 0.241822 0.243263 0.243744 0.243263 0.241822 0.239427 0.236087 0.231815 0.226628 0.220547 0.213595 0.2058 0.197193 0.187808 0.177682 0.166855 0.155369 0.143269 0.130605 0.117425 0.103781 0.0897283 0.0753212 0.0606168 0.0456732 0.0305493 0.0153048 
0.0175135 0.0349578 0.0522642 0.0693643 0.0861907 0.102677 0.118758 0.13437 0.149452 0.163944 0.17779 0.190933 0.203323 0.214911 0.22565 0.235499 0.244419 0.252373 0.259332 0.265268 0.270156 0.273979 0.27672 0.278369 0.278919 0.278369 0.27672 0.273979 0.270156 0.265268 0.259332 0.252373 0.244419 0.235499 0.22565 0.214911 0.203323 0.190933 0.17779 0.163945 0.149452 0.13437 0.118758 0.102677 0.0861907 0.0693643 0.0522642 0.0349578 0.0175135 
0.0198487 0.0396191 0.0592332 0.0786135 0.0976835 0.116368 0.134593 0.152287 0.16938 0.185805 0.201496 0.216392 0.230435 0.243567 0.255739 0.266901 0.27701 0.286025 0.293912 0.300639 0.306179 0.310511 0.313618 0.315487 0.31611 0.315487 0.313618 0.310511 0.306179 0.300639 0.293912 0.286025 0.27701 0.266901 0.255739 0.243567 0.230435 0.216392 0.201496 0.185805 0.16938 0.152287 0.134593 0.116368 0.0976835 0.0786135 0.0592332 0.0396191 0.0198487 
0.0223016 0.0445152 0.0665531 0.0883284 0.109755 0.130749 0.151226 0.171107 0.190312 0.208766 0.226397 0.243134 0.258911 0.273667 0.287342 0.299884 0.311242 0.321372 0.330233 0.337791 0.344016 0.348884 0.352374 0.354474 0.355175 0.354474 0.352374 0.348884 0.344016 0.337791 0.330233 0.321372 0.311242 0.299884 0.287342 0.273667 0.258911 0.243134 0.226397 0.208766 0.190312 0.171107 0.151226 0.130749 0.109755 0.0883284 0.0665531 0.0445152 0.0223016 
0.0248613 0.0496244 0.0741917 0.0984662 0.122352 0.145755 0.168583 0.190745 0.212155 0.232728 0.252381 0.271039 0.288628 0.305077 0.320322 0.334303 0.346965 0.358257 0.368135 0.376561 0.383501 0.388927 0.392818 0.395158 0.39594 0.395158 0.392818 0.388927 0.383501 0.376561 0.368135 0.358257 0.346965 0.334303 0.320322 0.305077 0.288628 0.271039 0.252381 0.232728 0.212155 0.190745 0.168583 0.145755 0.122352 0.0984662 0.0741917 0.0496244 0.0248613 
0.0275149 0.0549213 0.0821108 0.108976 0.135412 0.161313 0.186577 0.211105 0.2348 0.257569 0.27932 0.29997 0.319435 0.33764 0.354513 0.369986 0.383999 0.396497 0.40743 0.416755 0.424435 0.43044 0.434747 0.437337 0.438202 0.437337 0.434747 0.43044 0.424435 0.416755 0.40743 0.396497 0.383999 0.369986 0.354513 0.33764 0.319435 0.29997 0.27932 0.257569 0.2348 0.211105 0.186577 0.161313 0.135412 0.108976 0.0821109 0.0549213 0.0275149 
0.0302477 0.060376 0.090266 0.1198 0.148861 0.177334 0.205108 0.232072 0.25812 0.28315 0.307062 0.329763 0.351161 0.371174 0.389723 0.406733 0.422138 0.435877 0.447895 0.458146 0.466589 0.473191 0.477925 0.480773 0.481724 0.480773 0.477925 0.473191 0.466589 0.458146 0.447895 0.435877 0.422138 0.406733 0.389723 0.371174 0.351161 0.329763 0.307062 0.28315 0.25812 0.232072 0.205108 0.177334 0.148861 0.1198 0.090266 0.060376 0.0302477 
0.0330423 0.0659542 0.0986057 0.130868 0.162614 0.193718 0.224058 0.253513 0.281968 0.30931 0.335432 0.36023 0.383605 0.405468 0.425729 0.444311 0.461139 0.476148 0.489277 0.500475 0.509698 0.516909 0.522081 0.525192 0.52623 0.525192 0.522081 0.516909 0.509698 0.500475 0.489277 0.476148 0.461139 0.444311 0.425729 0.405468 0.383605 0.36023 0.335432 0.30931 0.281968 0.253513 0.224058 0.193718 0.162614 0.130868 0.0986058 0.0659542 0.0330423 
0.035879 0.0716164 0.107071 0.142103 0.176575 0.210349 0.243294 0.275278 0.306176 0.335865 0.364229 0.391156 0.416539 0.440278 0.462279 0.482456 0.500729 0.517026 0.531282 0.543442 0.553456 0.561287 0.566903 0.570281 0.571408 0.570281 0.566903 0.561287 0.553456 0.543442 0.531282 0.517026 0.500729 0.482456 0.462279 0.440278 0.416539 0.391156 0.364229 0.335865 0.306176 0.275278 0.243294 0.210349 0.176575 0.142103 0.107071 0.0716164 0.035879 
0.0387356 0.0773183 0.115596 0.153417 0.190633 0.227097 0.262664 0.297195 0.330552 0.362606 0.393228 0.422298 0.449702 0.475331 0.499084 0.520867 0.540595 0.558189 0.573581 0.586708 0.59752 0.605975 0.612037 0.615684 0.616902 0.615684 0.612037 0.605975 0.59752 0.586708 0.573581 0.558189 0.540595 0.520867 0.499084 0.475331 0.449702 0.422298 0.393228 0.362606 0.330552 0.297195 0.262664 0.227097 0.190633 0.153417 0.115596 0.0773183 0.0387356 
0.0415869 0.0830096 0.124105 0.16471 0.204666 0.243813 0.281999 0.319071 0.354884 0.389297 0.422173 0.453383 0.482804 0.51032 0.535821 0.559208 0.580388 0.599277 0.615802 0.629896 0.641504 0.65058 0.657089 0.661005 0.662312 0.661005 0.657089 0.65058 0.641504 0.629896 0.615802 0.599277 0.580388 0.559208 0.535821 0.51032 0.482804 0.453383 0.422173 0.389297 0.354884 0.319071 0.281999 0.243813 0.204666 0.16471 0.124105 0.0830096 0.0415869 
0.0444051 0.088635 0.132515 0.175872 0.218535 0.260336 0.301109 0.340694 0.378934 0.415679 0.450783 0.484108 0.515523 0.544903 0.572133 0.597105 0.61972 0.639889 0.657533 0.672582 0.684977 0.694669 0.701619 0.7058 0.707195 0.7058 0.701619 0.694669 0.684977 0.672582 0.657533 0.639889 0.61972 0.597105 0.572133 0.544903 0.515523 0.484108 0.450783 0.415679 0.378934 0.340694 0.301109 0.260336 0.218535 0.175872 0.132515 0.088635 0.0444051 
0.0471597 0.0941333 0.140735 0.186782 0.232092 0.276485 0.319787 0.361828 0.40244 0.441464 0.478746 0.514139 0.547502 0.578705 0.607624 0.634144 0.658162 0.679583 0.698322 0.714304 0.727468 0.737761 0.745142 0.749582 0.751064 0.749582 0.745142 0.737761 0.727468 0.714304 0.698322 0.679583 0.658162 0.634144 0.607624 0.578705 0.547502 0.514139 0.478746 0.441464 0.40244 0.361828 0.319787 0.276485 0.232092 0.186782 0.140735 0.0941333 0.0471597 
0.0498171 0.0994376 0.148666 0.197307 0.24517 0.292065 0.337807 0.382217 0.425117 0.466341 0.505723 0.54311 0.578353 0.611314 0.641863 0.669878 0.695249 0.717877 0.737672 0.754555 0.76846 0.779333 0.78713 0.79182 0.793386 0.79182 0.78713 0.779333 0.76846 0.754555 0.737672 0.717877 0.695249 0.669878 0.641863 0.611314 0.578354 0.54311 0.505723 0.466341 0.425117 0.382217 0.337807 0.292065 0.24517 0.197307 0.148666 0.0994376 0.0498171 
0.0523413 0.104476 0.156198 0.207304 0.257592 0.306863 0.354924 0.401583 0.446658 0.489969 0.531348 0.570629 0.607658 0.642289 0.674385 0.70382 0.730477 0.754251 0.775048 0.792787 0.807397 0.818821 0.827013 0.831941 0.833586 0.831941 0.827013 0.818821 0.807397 0.792787 0.775048 0.754251 0.730477 0.70382 0.674385 0.642289 0.607658 0.570629 0.531348 0.489969 0.446658 0.401583 0.354924 0.306863 0.257592 0.207304 0.156198 0.104476 0.0523413 
0.0546935 0.109171 0.163218 0.216621 0.269168 0.320654 0.370874 0.41963 0.46673 0.511989 0.555226 0.596273 0.634966 0.671153 0.704692 0.73545 0.763305 0.788147 0.809879 0.828415 0.843682 0.855619 0.864179 0.869329 0.871047 0.869329 0.864179 0.855619 0.843682 0.828415 0.809879 0.788147 0.763305 0.73545 0.704692 0.671154 0.634966 0.596273 0.555226 0.511989 0.466731 0.41963 0.370874 0.320654 0.269168 0.216621 0.163218 0.109171 0.0546935 
0.0568329 0.113441 0.169602 0.225094 0.279697 0.333196 0.385381 0.436044 0.484987 0.532015 0.576944 0.619596 0.659803 0.697406 0.732256 0.764217 0.793162 0.818976 0.841558 0.860819 0.876683 0.889086 0.897982 0.903333 0.905119 0.903333 0.897982 0.889086 0.876683 0.860819 0.841558 0.818976 0.793162 0.764217 0.732256 0.697406 0.659803 0.619596 0.576944 0.532015 0.484987 0.436044 0.385381 0.333196 0.279697 0.225094 0.169602 0.113441 0.0568329 
0.0587164 0.117201 0.175223 0.232554 0.288967 0.344239 0.398153 0.450496 0.50106 0.549648 0.596065 0.640131 0.68167 0.720519 0.756525 0.789545 0.819449 0.846118 0.869449 0.889348 0.905738 0.918553 0.927743 0.933271 0.935116 0.933271 0.927743 0.918553 0.905738 0.889348 0.869449 0.846118 0.819449 0.789545 0.756525 0.720519 0.68167 0.640131 0.596066 0.549648 0.50106 0.450496 0.398153 0.344239 0.288967 0.232554 0.175223 0.117201 0.0587164 
0.0602998 0.120362 0.179948 0.238825 0.296759 0.353522 0.40889 0.462644 0.514572 0.564469 0.612139 0.657393 0.700052 0.739949 0.776925 0.810835 0.841546 0.868935 0.892894 0.91333 0.930162 0.943322 0.95276 0.958437 0.960332 0.958437 0.95276 0.943322 0.930162 0.91333 0.892894 0.868935 0.841546 0.810835 0.776925 0.739949 0.700052 0.657393 0.612139 0.564469 0.514572 0.462644 0.40889 0.353522 0.296759 0.238825 0.179948 0.120362 0.0602998 
0.0615375 0.122832 0.183642 0.243727 0.30285 0.360778 0.417282 0.47214 0.525134 0.576055 0.624703 0.670886 0.714421 0.755137 0.792872 0.827478 0.858819 0.88677 0.911222 0.932077 0.949254 0.962684 0.972316 0.97811 0.980044 0.97811 0.972316 0.962684 0.949254 0.932077 0.911222 0.88677 0.858819 0.827478 0.792872 0.755137 0.714421 0.670886 0.624703 0.576055 0.525134 0.47214 0.417282 0.360778 0.30285 0.243727 0.183642 0.122832 0.0615375 
0.0623837 0.124521 0.186167 0.247079 0.307015 0.36574 0.423021 0.478633 0.532356 0.583977 0.633295 0.680112 0.724246 0.765522 0.803776 0.838858 0.87063 0.898965 0.923753 0.944895 0.962308 0.975924 0.985688 0.991561 0.993522 0.991561 0.985688 0.975924 0.962308 0.944895 0.923753 0.898965 0.87063 0.838858 0.803776 0.765522 0.724246 0.680112 0.633295 0.583977 0.532356 0.478633 0.423021 0.36574 0.307015 0.247079 0.186167 0.124521 0.0623837 
0.0627934 0.125339 0.18739 0.248701 0.309031 0.368141 0.425799 0.481775 0.535851 0.587812 0.637453 0.684578 0.729002 0.770548 0.809054 0.844366 0.876346 0.904868 0.929818 0.951099 0.968627 0.982332 0.99216 0.998072 1.00005 0.998072 0.99216 0.982332 0.968627 0.951099 0.929818 0.904868 0.876346 0.844366 0.809054 0.770548 0.729002 0.684578 0.637453 0.587812 0.535851 0.481775 0.425799 0.368141 0.309031 0.248701 0.18739 0.125339 0.0627934 
0.0627223 0.125197 0.187178 0.24842 0.308681 0.367725 0.425317 0.48123 0.535245 0.587147 0.636732 0.683804 0.728177 0.769676 0.808138 0.843411 0.875355 0.903844 0.928767 0.950023 0.967531 0.98122 0.991037 0.996943 0.998914 0.996943 0.991037 0.98122 0.967531 0.950023 0.928767 0.903844 0.875355 0.843411 0.808138 0.769676 0.728177 0.683804 0.636732 0.587147 0.535245 0.48123 0.425317 0.367725 0.308681 0.24842 0.187178 0.125197 0.0627223 
0.062129 0.124013 0.185407 0.24607 0.305761 0.364246 0.421294 0.476678 0.530182 0.581593 0.630709 0.677335 0.721289 0.762396 0.800494 0.835433 0.867075 0.895295 0.919981 0.941037 0.958379 0.971939 0.981663 0.987512 0.989465 0.987512 0.981663 0.971939 0.958379 0.941037 0.919981 0.895295 0.867075 0.835433 0.800494 0.762396 0.721289 0.677335 0.630709 0.581593 0.530182 0.476678 0.421294 0.364246 0.305761 0.24607 0.185407 0.124013 0.062129 
0.0609753 0.12171 0.181964 0.2415 0.300084 0.357482 0.41347 0.467827 0.520337 0.570793 0.618997 0.664757 0.707895 0.748238 0.785629 0.819919 0.850973 0.878669 0.902898 0.923562 0.940582 0.95389 0.963434 0.969175 0.971091 0.969175 0.963434 0.95389 0.940582 0.923562 0.902898 0.878669 0.850973 0.819919 0.785629 0.748238 0.707895 0.664757 0.618997 0.570793 0.520337 0.467827 0.41347 0.357482 0.300084 0.2415 0.181964 0.12171 0.0609753 
0.0592277 0.118222 0.176749 0.234579 0.291483 0.347237 0.40162 0.454419 0.505424 0.554434 0.601256 0.645705 0.687606 0.726794 0.763113 0.79642 0.826584 0.853487 0.87702 0.897093 0.913625 0.926552 0.935821 0.941398 0.943259 0.941398 0.935821 0.926552 0.913625 0.897093 0.87702 0.853487 0.826584 0.79642 0.763113 0.726794 0.687606 0.645705 0.601256 0.554434 0.505424 0.454419 0.40162 0.347237 0.291483 0.234579 0.176749 0.118222 0.0592277 
0.0568589 0.113493 0.16968 0.225197 0.279825 0.333349 0.385557 0.436244 0.485209 0.532259 0.577208 0.61988 0.660105 0.697725 0.732591 0.764567 0.793525 0.819351 0.841943 0.861213 0.877084 0.889493 0.898392 0.903746 0.905533 0.903746 0.898392 0.889493 0.877084 0.861213 0.841943 0.819351 0.793525 0.764567 0.732591 0.697725 0.660105 0.61988 0.577208 0.532259 0.485209 0.436244 0.385557 0.333349 0.279825 0.225197 0.16968 0.113493 0.0568589 
0.0538487 0.107485 0.160697 0.213274 0.265011 0.315701 0.365145 0.413148 0.459521 0.50408 0.54665 0.587062 0.625158 0.660786 0.693807 0.724089 0.751514 0.775973 0.797369 0.815619 0.830649 0.842402 0.85083 0.8559 0.857592 0.8559 0.85083 0.842402 0.830649 0.815619 0.797369 0.775973 0.751514 0.724089 0.693807 0.660786 0.625158 0.587062 0.54665 0.50408 0.459521 0.413148 0.365145 0.315701 0.265011 0.213274 0.160697 0.107485 0.0538487 
0.0501858 0.100174 0.149766 0.198767 0.246984 0.294226 0.340307 0.385045 0.428264 0.469792 0.509466 0.54713 0.582634 0.615839 0.646613 0.674836 0.700395 0.72319 0.743131 0.760139 0.774148 0.785101 0.792955 0.797681 0.799258 0.797681 0.792955 0.785101 0.774148 0.760139 0.743131 0.72319 0.700395 0.674836 0.646613 0.615839 0.582634 0.54713 0.509466 0.469792 0.428264 0.385045 0.340307 0.294226 0.246984 0.198767 0.149766 0.100174 0.0501858 
0.0458693 0.0915576 0.136885 0.181671 0.225741 0.26892 0.311037 0.351927 0.391429 0.429385 0.465647 0.500071 0.532521 0.56287 0.590998 0.616793 0.640154 0.660988 0.679214 0.694759 0.707563 0.717574 0.724753 0.729072 0.730513 0.729072 0.724753 0.717574 0.707563 0.694759 0.679214 0.660988 0.640154 0.616793 0.590998 0.56287 0.532521 0.500071 0.465647 0.429385 0.391429 0.351927 0.311037 0.26892 0.225741 0.181671 0.136885 0.0915576 0.0458693 
0.0409097 0.081658 0.122084 0.162028 0.201333 0.239843 0.277407 0.313876 0.349106 0.382958 0.415299 0.446001 0.474943 0.50201 0.527097 0.550103 0.570938 0.589519 0.605775 0.619639 0.631058 0.639987 0.64639 0.650242 0.651527 0.650242 0.64639 0.639987 0.631058 0.619639 0.605775 0.589519 0.570938 0.550103 0.527097 0.50201 0.474943 0.446001 0.415299 0.382958 0.349106 0.313876 0.277407 0.239843 0.201333 0.162028 0.122084 0.081658 0.0409097 
0.0353306 0.0705217 0.105435 0.139931 0.173876 0.207134 0.239575 0.27107 0.301496 0.330731 0.358662 0.385177 0.410172 0.433548 0.455213 0.475081 0.493075 0.509123 0.523161 0.535135 0.544996 0.552707 0.558237 0.561564 0.562674 0.561564 0.558237 0.552707 0.544996 0.535135 0.523161 0.509123 0.493075 0.475081 0.455213 0.433548 0.410172 0.385177 0.358662 0.330731 0.301496 0.27107 0.239575 0.207134 0.173876 0.139931 0.105435 0.0705217 0.0353306 
0.0291695 0.0582239 0.0870485 0.11553 0.143555 0.171013 0.197797 0.2238 0.24892 0.273057 0.296117 0.318008 0.338644 0.357944 0.375831 0.392235 0.407091 0.42034 0.43193 0.441816 0.449958 0.456324 0.46089 0.463636 0.464553 0.463636 0.46089 0.456324 0.449958 0.441816 0.43193 0.42034 0.407091 0.392235 0.375831 0.357944 0.338644 0.318008 0.296117 0.273057 0.24892 0.2238 0.197797 0.171013 0.143555 0.11553 0.0870485 0.0582239 0.0291695 
0.0224792 0.0448697 0.0670832 0.0890319 0.110629 0.13179 0.15243 0.17247 0.191828 0.210429 0.2282 0.24507 0.260973 0.275846 0.289631 0.302272 0.313721 0.323931 0.332863 0.340482 0.346756 0.351662 0.355181 0.357297 0.358004 0.357297 0.355181 0.351662 0.346756 0.340482 0.332863 0.323931 0.313721 0.302272 0.289631 0.275846 0.260973 0.24507 0.2282 0.210429 0.191828 0.17247 0.15243 0.13179 0.110629 0.0890319 0.0670832 0.0448697 0.0224792 
0.0153283 0.0305961 0.0457431 0.0607097 0.0754366 0.0898658 0.10394 0.117605 0.130805 0.143489 0.155607 0.16711 0.177954 0.188096 0.197496 0.206116 0.213922 0.220885 0.226975 0.23217 0.236449 0.239794 0.242193 0.243636 0.244118 0.243636 0.242193 0.239794 0.236449 0.23217 0.226975 0.220885 0.213922 0.206116 0.197496 0.188096 0.177954 0.16711 0.155607 0.143489 0.130805 0.117605 0.10394 0.0898658 0.0754366 0.0607097 0.0457431 0.0305961 0.0153283 
0.00780152 0.0155723 0.0232815 0.0308989 0.0383944 0.0457383 0.0529017 0.0598563 0.0665748 0.0730304 0.0791979 0.0850528 0.090572 0.0957338 0.100518 0.104905 0.108878 0.112422 0.115522 0.118166 0.120343 0.122046 0.123267 0.124002 0.124247 0.124002 0.123267 0.122046 0.120343 0.118166 0.115522 0.112422 0.108878 0.104905 0.100518 0.0957338 0.090572 0.0850528 0.0791979 0.0730304 0.0665748 0.0598563 0.0529017 0.0457383 0.0383944 0.0308989 0.0232815 0.0155723 0.00780152 
