7.89049e-05 0.000157498 0.00023547 0.000312513 0.000388322 0.000462599 0.00053505 0.000605389 0.00067334 0.000738633 0.00080101 0.000860227 0.000916049 0.000968255 0.00101664 0.00106101 0.0011012 0.00113704 0.00116839 0.00119513 0.00121716 0.00123438 0.00124673 0.00125416 0.00125664 0.00125416 0.00124673 0.00123438 0.00121716 0.00119513 0.00116839 0.00113704 0.0011012 0.00106101 0.00101664 0.000968255 0.000916049 0.000860227 0.00080101 0.000738633 0.00067334 0.000605389 0.00053505 0.000462599 0.000388322 0.000312513 0.00023547 0.000157498 7.89049e-05 
0.000315618 0.000629991 0.000941877 0.00125005 0.00155328 0.00185039 0.00214019 0.00242155 0.00269335 0.00295452 0.00320403 0.00344089 0.00366418 0.00387301 0.00406655 0.00424404 0.00440478 0.00454814 0.00467355 0.00478051 0.00486861 0.00493749 0.00498689 0.00501661 0.00502653 0.00501661 0.00498689 0.00493749 0.00486861 0.00478051 0.00467355 0.00454814 0.00440478 0.00424404 0.00406655 0.00387301 0.00366418 0.00344089 0.00320403 0.00295452 0.00269335 0.00242155 0.00214019 0.00185039 0.00155328 0.00125005 0.000941877 0.000629991 0.000315618 
0.000710129 0.00141746 0.00211919 0.00281256 0.00349483 0.0041633 0.00481535 0.00544839 0.00605993 0.00664755 0.00720894 0.00774188 0.00824427 0.00871411 0.00914957 0.00954892 0.00991058 0.0102331 0.0105153 0.010756 0.0109542 0.0111092 0.0112203 0.0112872 0.0113095 0.0112872 0.0112203 0.0111092 0.0109542 0.010756 0.0105153 0.0102331 0.00991058 0.00954892 0.00914957 0.00871411 0.00824427 0.00774188 0.00720894 0.00664755 0.00605993 0.00544839 0.00481535 0.0041633 0.00349483 0.00281256 0.00211919 0.00141746 0.000710129 
0.00126239 0.0025198 0.00376727 0.00499987 0.00621274 0.00740108 0.00856022 0.00968558 0.0107727 0.0118173 0.0128153 0.0137627 0.0146558 0.015491 0.0162652 0.0169751 0.017618 0.0181914 0.018693 0.0191208 0.0194732 0.0197487 0.0199463 0.0200652 0.0201048 0.0200652 0.0199463 0.0197487 0.0194732 0.0191208 0.018693 0.0181914 0.017618 0.0169751 0.0162652 0.015491 0.0146558 0.0137627 0.0128153 0.0118173 0.0107727 0.00968558 0.00856022 0.00740108 0.00621274 0.00499987 0.00376727 0.0025198 0.00126239 
0.0019723 0.00393681 0.00588579 0.00781154 0.00970646 0.0115631 0.0133741 0.0151322 0.0168307 0.0184628 0.020022 0.0215021 0.0228975 0.0242024 0.0254118 0.026521 0.0275255 0.0284213 0.029205 0.0298734 0.0304239 0.0308544 0.0311631 0.0313488 0.0314108 0.0313488 0.0311631 0.0308544 0.0304239 0.0298734 0.029205 0.0284213 0.0275255 0.026521 0.0254118 0.0242024 0.0228975 0.0215021 0.020022 0.0184628 0.0168307 0.0151322 0.0133741 0.0115631 0.00970646 0.00781154 0.00588579 0.00393681 0.0019723 
0.00283961 0.00566801 0.00847404 0.0112466 0.0139748 0.0166479 0.0192552 0.0217866 0.024232 0.0265817 0.0288265 0.0309576 0.0329665 0.0348453 0.0365866 0.0381835 0.0396297 0.0409195 0.0420478 0.0430101 0.0438027 0.0444225 0.0448669 0.0451343 0.0452235 0.0451343 0.0448669 0.0444225 0.0438027 0.0430101 0.0420478 0.0409195 0.0396297 0.0381835 0.0365866 0.0348453 0.0329665 0.0309576 0.0288265 0.0265817 0.024232 0.0217866 0.0192552 0.0166479 0.0139748 0.0112466 0.00847404 0.00566801 0.00283961 
0.0038639 0.00771255 0.0115308 0.0153035 0.0190158 0.022653 0.0262009 0.0296453 0.0329728 0.0361701 0.0392247 0.0421245 0.044858 0.0474145 0.0497839 0.0519568 0.0539247 0.0556797 0.057215 0.0585245 0.059603 0.0604463 0.0610511 0.0614149 0.0615363 0.0614149 0.0610511 0.0604463 0.059603 0.0585245 0.057215 0.0556797 0.0539247 0.0519568 0.0497839 0.0474145 0.044858 0.0421245 0.0392247 0.0361701 0.0329728 0.0296453 0.0262009 0.022653 0.0190158 0.0153035 0.0115308 0.00771255 0.0038639 
0.00504447 0.010069 0.0150539 0.0199793 0.0248258 0.0295744 0.0342063 0.0387032 0.0430473 0.0472216 0.0512094 0.0549952 0.058564 0.0619016 0.0649949 0.0678317 0.0704008 0.0726921 0.0746965 0.0764061 0.0778141 0.0789151 0.0797046 0.0801796 0.0803381 0.0801796 0.0797046 0.0789151 0.0778141 0.0764061 0.0746965 0.0726921 0.0704008 0.0678317 0.0649949 0.0619016 0.058564 0.0549952 0.0512094 0.0472216 0.0430473 0.0387032 0.0342063 0.0295744 0.0248258 0.0199793 0.0150539 0.010069 0.00504447 
0.00638027 0.0127354 0.0190402 0.0252699 0.0313998 0.0374058 0.0432643 0.0489519 0.0544464 0.059726 0.0647699 0.0695582 0.0740719 0.0782933 0.0822058 0.0857938 0.0890432 0.0919412 0.0944764 0.0966387 0.0984196 0.0998121 0.100811 0.101411 0.101612 0.101411 0.100811 0.0998121 0.0984196 0.0966387 0.0944764 0.0919412 0.0890432 0.0857938 0.0822058 0.0782933 0.0740719 0.0695582 0.0647699 0.059726 0.0544464 0.0489519 0.0432643 0.0374058 0.0313998 0.0252699 0.0190402 0.0127354 0.00638027 
0.00786974 0.0157084 0.0234851 0.0311691 0.0387301 0.0461382 0.0533643 0.0603797 0.0671569 0.073669 0.0798904 0.0857965 0.091364 0.0965709 0.101397 0.105822 0.10983 0.113405 0.116532 0.119199 0.121396 0.123113 0.124345 0.125086 0.125333 0.125086 0.124345 0.123113 0.121396 0.119199 0.116532 0.113405 0.10983 0.105822 0.101397 0.0965709 0.091364 0.0857965 0.0798904 0.073669 0.0671569 0.0603797 0.0533643 0.0461382 0.0387301 0.0311691 0.0234851 0.0157084 0.00786974 
0.00951074 0.018984 0.0283822 0.0376685 0.0468061 0.055759 0.0644919 0.0729702 0.0811605 0.0890306 0.0965492 0.103687 0.110415 0.116708 0.12254 0.127889 0.132732 0.137052 0.140831 0.144054 0.146709 0.148785 0.150273 0.151169 0.151468 0.151169 0.150273 0.148785 0.146709 0.144054 0.140831 0.137052 0.132732 0.127889 0.12254 0.116708 0.110415 0.103687 0.0965492 0.0890306 0.0811605 0.0729702 0.0644919 0.055759 0.0468061 0.0376685 0.0283822 0.018984 0.00951074 
0.0113004 0.0225562 0.033723 0.0447567 0.0556137 0.0662513 0.0766274 0.0867011 0.0964326 0.105784 0.114717 0.123198 0.131192 0.138669 0.145599 0.151954 0.157709 0.162842 0.167332 0.171161 0.174316 0.176782 0.178551 0.179615 0.17997 0.179615 0.178551 0.176782 0.174316 0.171161 0.167332 0.162842 0.157709 0.151954 0.145599 0.138669 0.131192 0.123198 0.114717 0.105784 0.0964326 0.0867011 0.0766274 0.0662513 0.0556137 0.0447567 0.033723 0.0225562 0.0113004 
0.0132349 0.0264176 0.039496 0.0524186 0.0651343 0.0775929 0.0897453 0.101543 0.112941 0.123893 0.134356 0.144288 0.153651 0.162408 0.170524 0.177966 0.184707 0.190718 0.195977 0.200463 0.204157 0.207045 0.209117 0.210363 0.210779 0.210363 0.209117 0.207045 0.204157 0.200463 0.195977 0.190718 0.184707 0.177966 0.170524 0.162408 0.153651 0.144288 0.134356 0.123893 0.112941 0.101543 0.0897453 0.0775929 0.0651343 0.0524186 0.039496 0.0264176 0.0132349 
0.0153095 0.0305585 0.045687 0.0606351 0.0753439 0.0897554 0.103813 0.11746 0.130644 0.143313 0.155416 0.166905 0.177736 0.187865 0.197253 0.205862 0.213659 0.220613 0.226696 0.231885 0.236158 0.239499 0.241896 0.243337 0.243818 0.243337 0.241896 0.239499 0.236158 0.231885 0.226696 0.220613 0.213659 0.205862 0.197253 0.187865 0.177736 0.166905 0.155416 0.143313 0.130644 0.11746 0.103813 0.0897554 0.0753439 0.0606351 0.045687 0.0305585 0.0153095 
0.017518 0.0349669 0.0522777 0.0693823 0.086213 0.102703 0.118789 0.134405 0.149491 0.163987 0.177836 0.190983 0.203376 0.214966 0.225709 0.23556 0.244482 0.252439 0.259399 0.265336 0.270226 0.274049 0.276791 0.278441 0.278991 0.278441 0.276791 0.274049 0.270226 0.265336 0.259399 0.252439 0.244482 0.23556 0.225709 0.214966 0.203376 0.190983 0.177836 0.163987 0.149491 0.134405 0.118789 0.102703 0.086213 0.0693823 0.0522777 0.0349669 0.017518 
0.019853 0.0396277 0.059246 0.0786305 0.0977047 0.116393 0.134622 0.15232 0.169417 0.185845 0.20154 0.216439 0.230485 0.24362 0.255794 0.266959 0.27707 0.286087 0.293976 0.300704 0.306246 0.310579 0.313686 0.315555 0.316179 0.315555 0.313686 0.310579 0.306246 0.300704 0.293976 0.286087 0.27707 0.266959 0.255794 0.24362 0.230485 0.216439 0.20154 0.185845 0.169417 0.15232 0.134622 0.116393 0.0977047 0.0786305 0.059246 0.0396277 0.019853 
0.0223055 0.0445231 0.0665649 0.088344 0.109774 0.130772 0.151253 0.171137 0.190346 0.208803 0.226437 0.243177 0.258957 0.273715 0.287393 0.299937 0.311297 0.321428 0.330291 0.337851 0.344077 0.348945 0.352436 0.354537 0.355237 0.354537 0.352436 0.348945 0.344077 0.337851 0.330291 0.321428 0.311297 0.299937 0.287393 0.273715 0.258957 0.243177 0.226437 0.208803 0.190346 0.171137 0.151253 0.130772 0.109774 0.088344 0.0665649 0.0445231 0.0223055 
0.0248647 0.0496312 0.0742019 0.0984798 0.122369 0.145775 0.168606 0.190772 0.212184 0.23276 0.252416 0.271077 0.288667 0.305119 0.320366 0.334349 0.347012 0.358306 0.368186 0.376613 0.383553 0.38898 0.392872 0.395213 0.395994 0.395213 0.392872 0.38898 0.383553 0.376613 0.368186 0.358306 0.347012 0.334349 0.320366 0.305119 0.288667 0.271077 0.252416 0.23276 0.212184 0.190772 0.168606 0.145775 0.122369 0.0984798 0.0742019 0.0496312 0.0248647 
0.0275177 0.0549267 0.082119 0.108987 0.135425 0.161329 0.186596 0.211126 0.234824 0.257594 0.279348 0.3 0.319467 0.337674 0.354548 0.370023 0.384038 0.396537 0.40747 0.416796 0.424477 0.430483 0.43479 0.437381 0.438246 0.437381 0.43479 0.430483 0.424477 0.416796 0.40747 0.396537 0.384038 0.370023 0.354548 0.337674 0.319467 0.3 0.279348 0.257594 0.234824 0.211126 0.186596 0.161329 0.135425 0.108987 0.082119 0.0549267 0.0275177 
0.0302496 0.0603797 0.0902716 0.119807 0.14887 0.177345 0.205121 0.232087 0.258137 0.283168 0.307081 0.329783 0.351183 0.371198 0.389747 0.406758 0.422164 0.435904 0.447923 0.458175 0.466618 0.47322 0.477955 0.480803 0.481754 0.480803 0.477955 0.47322 0.466618 0.458175 0.447923 0.435904 0.422164 0.406758 0.389747 0.371198 0.351183 0.329783 0.307081 0.283168 0.258137 0.232087 0.205121 0.177345 0.14887 0.119807 0.0902716 0.0603797 0.0302496 
0.0330431 0.0659558 0.0986082 0.130871 0.162618 0.193723 0.224064 0.25352 0.281975 0.309318 0.33544 0.360239 0.383615 0.405478 0.42574 0.444322 0.461151 0.476159 0.489289 0.500487 0.509711 0.516922 0.522094 0.525205 0.526244 0.525205 0.522094 0.516922 0.509711 0.500487 0.489289 0.476159 0.461151 0.444322 0.42574 0.405478 0.383615 0.360239 0.33544 0.309318 0.281975 0.25352 0.224064 0.193723 0.162618 0.130871 0.0986082 0.0659558 0.0330431 
0.0358786 0.0716156 0.10707 0.142102 0.176573 0.210347 0.243291 0.275275 0.306172 0.335861 0.364225 0.391151 0.416534 0.440272 0.462273 0.48245 0.500723 0.517019 0.531275 0.543435 0.55345 0.56128 0.566896 0.570274 0.571401 0.570274 0.566896 0.56128 0.55345 0.543435 0.531275 0.517019 0.500723 0.48245 0.462273 0.440272 0.416534 0.391151 0.364225 0.335861 0.306172 0.275275 0.243291 0.210347 0.176573 0.142102 0.10707 0.0716156 0.0358786 
0.0387337 0.0773144 0.11559 0.15341 0.190624 0.227085 0.262651 0.29718 0.330536 0.362588 0.393208 0.422277 0.44968 0.475307 0.499059 0.520841 0.540568 0.558162 0.573552 0.586679 0.597491 0.605945 0.612007 0.615654 0.616871 0.615654 0.612007 0.605945 0.597491 0.586679 0.573552 0.558162 0.540568 0.520841 0.499059 0.475307 0.44968 0.422277 0.393208 0.362588 0.330536 0.29718 0.262651 0.227085 0.190624 0.15341 0.11559 0.0773144 0.0387337 
0.0415833 0.0830024 0.124094 0.164696 0.204648 0.243792 0.281974 0.319043 0.354853 0.389263 0.422137 0.453344 0.482762 0.510275 0.535775 0.55916 0.580338 0.599225 0.615748 0.629841 0.641448 0.650524 0.657032 0.660947 0.662254 0.660947 0.657032 0.650524 0.641448 0.629841 0.615748 0.599225 0.580338 0.55916 0.535775 0.510275 0.482762 0.453344 0.422137 0.389263 0.354853 0.319043 0.281974 0.243792 0.204648 0.164696 0.124094 0.0830024 0.0415833 
0.0443996 0.088624 0.132499 0.17585 0.218508 0.260303 0.301071 0.340651 0.378887 0.415627 0.450727 0.484048 0.515459 0.544835 0.572061 0.59703 0.619642 0.639809 0.657451 0.672499 0.684892 0.694582 0.701531 0.705711 0.707107 0.705711 0.701531 0.694582 0.684892 0.672499 0.657451 0.639809 0.619642 0.59703 0.572061 0.544835 0.515459 0.484048 0.450727 0.415627 0.378887 0.340651 0.301071 0.260303 0.218508 0.17585 0.132499 0.088624 0.0443996 
0.047152 0.0941179 0.140712 0.186752 0.232054 0.27644 0.319735 0.361769 0.402375 0.441392 0.478668 0.514055 0.547413 0.57861 0.607524 0.634041 0.658055 0.679472 0.698208 0.714188 0.727349 0.73764 0.74502 0.74946 0.750942 0.74946 0.74502 0.73764 0.727349 0.714188 0.698208 0.679472 0.658055 0.634041 0.607524 0.57861 0.547413 0.514055 0.478668 0.441392 0.402375 0.361769 0.319735 0.27644 0.232054 0.186752 0.140712 0.0941179 0.047152 
0.0498071 0.0994176 0.148636 0.197267 0.24512 0.292006 0.337739 0.382139 0.425032 0.466246 0.505621 0.543 0.578237 0.611191 0.641733 0.669743 0.695109 0.717732 0.737523 0.754403 0.768305 0.779176 0.786971 0.791661 0.793226 0.791661 0.786971 0.779176 0.768305 0.754403 0.737523 0.717732 0.695109 0.669743 0.641733 0.611191 0.578237 0.543 0.505621 0.466246 0.425032 0.382139 0.337739 0.292006 0.24512 0.197267 0.148636 0.0994176 0.0498071 
0.0523286 0.104451 0.156161 0.207254 0.25753 0.306789 0.354838 0.401486 0.44655 0.489851 0.531219 0.570491 0.607511 0.642134 0.674222 0.70365 0.7303 0.754069 0.774861 0.792596 0.807202 0.818623 0.826813 0.83174 0.833385 0.83174 0.826813 0.818623 0.807202 0.792596 0.774861 0.754069 0.7303 0.70365 0.674222 0.642134 0.607511 0.570491 0.531219 0.489851 0.44655 0.401486 0.354838 0.306789 0.25753 0.207254 0.156161 0.104451 0.0523286 
0.0546781 0.10914 0.163172 0.21656 0.269093 0.320564 0.37077 0.419512 0.466599 0.511845 0.55507 0.596105 0.634788 0.670965 0.704494 0.735243 0.76309 0.787925 0.809651 0.828182 0.843444 0.855378 0.863936 0.869084 0.870802 0.869084 0.863936 0.855378 0.843444 0.828182 0.809651 0.787925 0.76309 0.735243 0.704494 0.670965 0.634788 0.596105 0.55507 0.511845 0.466599 0.419512 0.37077 0.320564 0.269093 0.21656 0.163172 0.10914 0.0546781 
0.0568146 0.113405 0.169548 0.225021 0.279607 0.333089 0.385257 0.435904 0.484831 0.531844 0.576758 0.619397 0.659591 0.697181 0.73202 0.763971 0.792906 0.818712 0.841287 0.860542 0.8764 0.8888 0.897692 0.903042 0.904827 0.903042 0.897692 0.8888 0.8764 0.860542 0.841287 0.818712 0.792906 0.763971 0.73202 0.697181 0.659591 0.619397 0.576758 0.531844 0.484831 0.435904 0.385257 0.333089 0.279607 0.225021 0.169548 0.113405 0.0568146 
0.0586951 0.117159 0.17516 0.232469 0.288862 0.344114 0.398008 0.450332 0.500878 0.549448 0.595849 0.639898 0.681422 0.720257 0.75625 0.789258 0.819151 0.845811 0.869133 0.889025 0.905408 0.918219 0.927405 0.932932 0.934776 0.932932 0.927405 0.918219 0.905408 0.889025 0.869133 0.845811 0.819151 0.789258 0.75625 0.720257 0.681422 0.639898 0.595849 0.549448 0.500878 0.450332 0.398008 0.344114 0.288862 0.232469 0.17516 0.117159 0.0586951 
0.0602753 0.120313 0.179875 0.238728 0.296638 0.353378 0.408724 0.462456 0.514363 0.56424 0.61189 0.657126 0.699768 0.739648 0.77661 0.810506 0.841204 0.868582 0.892532 0.912959 0.929784 0.942939 0.952373 0.958048 0.959942 0.958048 0.952373 0.942939 0.929784 0.912959 0.892532 0.868582 0.841204 0.810506 0.77661 0.739648 0.699768 0.657126 0.61189 0.56424 0.514363 0.462456 0.408724 0.353378 0.296638 0.238728 0.179875 0.120313 0.0602753 
0.0615098 0.122777 0.183559 0.243617 0.302714 0.360616 0.417095 0.471927 0.524898 0.575796 0.624423 0.670585 0.7141 0.754797 0.792516 0.827106 0.858433 0.886372 0.910812 0.931658 0.948827 0.962252 0.971879 0.97767 0.979603 0.97767 0.971879 0.962252 0.948827 0.931658 0.910812 0.886372 0.858433 0.827106 0.792516 0.754797 0.7141 0.670585 0.624423 0.575796 0.524898 0.471927 0.417095 0.360616 0.302714 0.243617 0.183559 0.122777 0.0615098 
0.062353 0.12446 0.186076 0.246957 0.306864 0.365559 0.422812 0.478397 0.532093 0.583689 0.632982 0.679777 0.723889 0.765144 0.803379 0.838444 0.8702 0.898522 0.923297 0.944429 0.961834 0.975442 0.985201 0.991072 0.993031 0.991072 0.985201 0.975442 0.961834 0.944429 0.923297 0.898522 0.8702 0.838444 0.803379 0.765144 0.723889 0.679777 0.632982 0.583689 0.532093 0.478397 0.422812 0.365559 0.306864 0.246957 0.186076 0.12446 0.062353 
0.0627595 0.125271 0.187289 0.248567 0.308865 0.367943 0.425569 0.481516 0.535562 0.587495 0.637109 0.684209 0.728609 0.770133 0.808618 0.843911 0.875874 0.904381 0.929318 0.950587 0.968105 0.981803 0.991625 0.997534 0.999507 0.997534 0.991625 0.981803 0.968105 0.950587 0.929318 0.904381 0.875874 0.843911 0.808618 0.770133 0.728609 0.684209 0.637109 0.587495 0.535562 0.481516 0.425569 0.367943 0.308865 0.248567 0.187289 0.125271 0.0627595 
0.0626856 0.125124 0.187068 0.248275 0.308501 0.36751 0.425068 0.480949 0.534932 0.586803 0.636359 0.683404 0.727751 0.769226 0.807666 0.842918 0.874843 0.903316 0.928224 0.949468 0.966965 0.980647 0.990458 0.99636 0.99833 0.99636 0.990458 0.980647 0.966965 0.949468 0.928224 0.903316 0.874843 0.842918 0.807666 0.769226 0.727751 0.683404 0.636359 0.586803 0.534932 0.480949 0.425068 0.36751 0.308501 0.248275 0.187068 0.125124 0.0626856 
0.0620898 0.123934 0.18529 0.245914 0.305568 0.364016 0.421027 0.476377 0.529847 0.581225 0.63031 0.676907 0.720833 0.761914 0.799988 0.834905 0.866527 0.894729 0.9194 0.940442 0.957774 0.971325 0.981042 0.986888 0.98884 0.986888 0.981042 0.971325 0.957774 0.940442 0.9194 0.894729 0.866527 0.834905 0.799988 0.761914 0.720833 0.676907 0.63031 0.581225 0.529847 0.476377 0.421027 0.364016 0.305568 0.245914 0.18529 0.123934 0.0620898 
0.0609338 0.121627 0.181841 0.241336 0.29988 0.357239 0.413189 0.467509 0.519983 0.570405 0.618576 0.664306 0.707414 0.74773 0.785095 0.819362 0.850395 0.878072 0.902284 0.922934 0.939943 0.953242 0.962779 0.968516 0.970431 0.968516 0.962779 0.953242 0.939943 0.922934 0.902284 0.878072 0.850395 0.819362 0.785095 0.74773 0.707414 0.664306 0.618576 0.570405 0.519983 0.467509 0.413189 0.357239 0.29988 0.241336 0.181841 0.121627 0.0609338 
0.0591846 0.118136 0.17662 0.234408 0.291271 0.346984 0.401327 0.454087 0.505055 0.55403 0.600818 0.645235 0.687105 0.726264 0.762556 0.795839 0.825982 0.852864 0.876381 0.896439 0.912959 0.925876 0.935139 0.940712 0.942572 0.940712 0.935139 0.925876 0.912959 0.896439 0.876381 0.852864 0.825982 0.795839 0.762556 0.726264 0.687105 0.645235 0.600818 0.55403 0.505055 0.454087 0.401327 0.346984 0.291271 0.234408 0.17662 0.118136 0.0591846 
0.0568146 0.113405 0.169548 0.225021 0.279607 0.333089 0.385257 0.435904 0.484831 0.531844 0.576758 0.619397 0.659591 0.697181 0.73202 0.763971 0.792906 0.818712 0.841287 0.860542 0.8764 0.8888 0.897692 0.903042 0.904827 0.903042 0.897692 0.8888 0.8764 0.860542 0.841287 0.818712 0.792906 0.763971 0.73202 0.697181 0.659591 0.619397 0.576758 0.531844 0.484831 0.435904 0.385257 0.333089 0.279607 0.225021 0.169548 0.113405 0.0568146 
0.0538039 0.107395 0.160563 0.213097 0.26479 0.315438 0.364842 0.412805 0.459139 0.503661 0.546196 0.586574 0.624638 0.660237 0.69323 0.723487 0.750889 0.775328 0.796706 0.814941 0.829959 0.841702 0.850123 0.855189 0.85688 0.855189 0.850123 0.841702 0.829959 0.814941 0.796706 0.775328 0.750889 0.723487 0.69323 0.660237 0.624638 0.586574 0.546196 0.503661 0.459139 0.412805 0.364842 0.315438 0.26479 0.213097 0.160563 0.107395 0.0538039 
0.0501415 0.100085 0.149634 0.198592 0.246766 0.293966 0.340007 0.384705 0.427885 0.469377 0.509016 0.546646 0.582119 0.615294 0.646042 0.674239 0.699776 0.722551 0.742474 0.759468 0.773464 0.784407 0.792255 0.796976 0.798551 0.796976 0.792255 0.784407 0.773464 0.759468 0.742474 0.722551 0.699776 0.674239 0.646042 0.615294 0.582119 0.546646 0.509016 0.469377 0.427885 0.384705 0.340007 0.293966 0.246766 0.198592 0.149634 0.100085 0.0501415 
0.0458263 0.0914717 0.136756 0.181501 0.225529 0.268668 0.310746 0.351597 0.391062 0.428982 0.46521 0.499602 0.532022 0.562342 0.590443 0.616214 0.639553 0.660368 0.678577 0.694108 0.706899 0.716901 0.724073 0.728388 0.729828 0.728388 0.724073 0.716901 0.706899 0.694108 0.678577 0.660368 0.639553 0.616214 0.590443 0.562342 0.532022 0.499602 0.46521 0.428982 0.391062 0.351597 0.310746 0.268668 0.225529 0.181501 0.136756 0.0914717 0.0458263 
0.0408691 0.0815769 0.121963 0.161867 0.201133 0.239605 0.277131 0.313564 0.348759 0.382578 0.414887 0.445558 0.474471 0.501512 0.526573 0.549556 0.570371 0.588934 0.605173 0.619024 0.630432 0.639351 0.645748 0.649596 0.65088 0.649596 0.645748 0.639351 0.630432 0.619024 0.605173 0.588934 0.570371 0.549556 0.526573 0.501512 0.474471 0.445558 0.414887 0.382578 0.348759 0.313564 0.277131 0.239605 0.201133 0.161867 0.121963 0.0815769 0.0408691 
0.0352935 0.0704477 0.105324 0.139784 0.173693 0.206917 0.239323 0.270786 0.301179 0.330384 0.358285 0.384773 0.409741 0.433093 0.454735 0.474583 0.492557 0.508588 0.522612 0.534573 0.544424 0.552127 0.557651 0.560974 0.562083 0.560974 0.557651 0.552127 0.544424 0.534573 0.522612 0.508588 0.492557 0.474583 0.454735 0.433093 0.409741 0.384773 0.358285 0.330384 0.301179 0.270786 0.239323 0.206917 0.173693 0.139784 0.105324 0.0704477 0.0352935 
0.0291372 0.0581594 0.0869521 0.115402 0.143396 0.170824 0.197578 0.223552 0.248644 0.272755 0.295789 0.317656 0.338269 0.357548 0.375415 0.3918 0.40664 0.419874 0.431452 0.441327 0.44946 0.455819 0.460379 0.463123 0.464038 0.463123 0.460379 0.455819 0.44946 0.441327 0.431452 0.419874 0.40664 0.3918 0.375415 0.357548 0.338269 0.317656 0.295789 0.272755 0.248644 0.223552 0.197578 0.170824 0.143396 0.115402 0.0869521 0.0581594 0.0291372 
0.022453 0.0448174 0.0670049 0.0889279 0.1105 0.131636 0.152253 0.172268 0.191604 0.210184 0.227934 0.244784 0.260669 0.275525 0.289293 0.30192 0.313355 0.323553 0.332475 0.340084 0.346351 0.351252 0.354766 0.35688 0.357586 0.35688 0.354766 0.351252 0.346351 0.340084 0.332475 0.323553 0.313355 0.30192 0.289293 0.275525 0.260669 0.244784 0.227934 0.210184 0.191604 0.172268 0.152253 0.131636 0.1105 0.0889279 0.0670049 0.0448174 0.022453 
0.0153095 0.0305585 0.045687 0.0606351 0.0753439 0.0897554 0.103813 0.11746 0.130644 0.143313 0.155416 0.166905 0.177736 0.187865 0.197253 0.205862 0.213659 0.220613 0.226696 0.231885 0.236158 0.239499 0.241896 0.243337 0.243818 0.243337 0.241896 0.239499 0.236158 0.231885 0.226696 0.220613 0.213659 0.205862 0.197253 0.187865 0.177736 0.166905 0.155416 0.143313 0.130644 0.11746 0.103813 0.0897554 0.0753439 0.0606351 0.045687 0.0305585 0.0153095 
0.00779145 0.0155522 0.0232515 0.030859 0.0383448 0.0456793 0.0528334 0.0597791 0.0664888 0.0729362 0.0790957 0.084943 0.0904551 0.0956102 0.100388 0.10477 0.108738 0.112277 0.115373 0.118013 0.120188 0.121888 0.123108 0.123842 0.124086 0.123842 0.123108 0.121888 0.120188 0.118013 0.115373 0.112277 0.108738 0.10477 0.100388 0.0956102 0.0904551 0.084943 0.0790957 0.0729362 0.0664888 0.0597791 0.0528334 0.0456793 0.0383448 0.030859 0.0232515 0.0155522 0.00779145 
