0.00121004 0.00239031 0.00351176 0.00454676 0.00546982 0.00625823 0.00689255 0.00735716 0.00764063 0.00773596 0.0076408 0.00735749 0.00689301 0.00625879 0.00547044 0.00454737 0.00351231 0.00239074 0.00121028 
0.00487689 0.00963375 0.0141535 0.0183247 0.0220448 0.0252221 0.0277784 0.0296507 0.0307929 0.0311769 0.0307933 0.0296513 0.0277793 0.0252232 0.022046 0.0183259 0.0141545 0.00963459 0.00487737 
0.0109947 0.0217188 0.0319082 0.041312 0.0496986 0.0568615 0.0626244 0.0668452 0.0694202 0.0702857 0.0694206 0.0668462 0.0626257 0.0568631 0.0497003 0.0413137 0.0319098 0.02172 0.0109954 
0.0195388 0.0385966 0.0567042 0.0734156 0.0883193 0.101048 0.111289 0.11879 0.123366 0.124904 0.123367 0.118791 0.111291 0.10105 0.0883215 0.0734177 0.0567061 0.0385982 0.0195397 
0.0304428 0.0601362 0.0883489 0.114386 0.137607 0.15744 0.173396 0.185082 0.192212 0.194608 0.192212 0.185084 0.173398 0.157442 0.13761 0.114389 0.0883512 0.060138 0.0304439 
0.0435679 0.0860632 0.126439 0.163702 0.196935 0.225318 0.248153 0.264878 0.275081 0.27851 0.275081 0.264879 0.248155 0.22532 0.196938 0.163705 0.126442 0.0860652 0.0435691 
0.0586641 0.115884 0.17025 0.220425 0.265172 0.30339 0.334137 0.356657 0.370395 0.375012 0.370396 0.356659 0.334139 0.303393 0.265175 0.220428 0.170253 0.115886 0.0586654 
0.0753269 0.148799 0.218608 0.283033 0.34049 0.389563 0.429043 0.45796 0.475599 0.481528 0.4756 0.457961 0.429046 0.389566 0.340493 0.283037 0.218611 0.148801 0.0753282 
0.0929518 0.183615 0.269757 0.349257 0.420157 0.480712 0.52943 0.565112 0.586879 0.594195 0.58688 0.565114 0.529433 0.480715 0.420161 0.349261 0.26976 0.183617 0.0929532 
0.110695 0.218664 0.32125 0.415925 0.500359 0.572472 0.63049 0.672982 0.698904 0.707616 0.698905 0.672984 0.630492 0.572475 0.500362 0.415928 0.321253 0.218667 0.110696 
0.127445 0.251753 0.369861 0.478863 0.576073 0.659099 0.725895 0.774818 0.804662 0.814693 0.804663 0.77482 0.725898 0.659102 0.576076 0.478866 0.369864 0.251755 0.127447 
0.141824 0.280156 0.41159 0.53289 0.641067 0.73346 0.807793 0.862235 0.895446 0.906609 0.895447 0.862237 0.807795 0.733463 0.64107 0.532893 0.411593 0.280158 0.141825 
0.15222 0.300692 0.44176 0.571951 0.688058 0.787224 0.867005 0.925438 0.961083 0.973063 0.961084 0.925439 0.867007 0.787226 0.688061 0.571954 0.441763 0.300694 0.152221 
0.156878 0.309894 0.455279 0.589453 0.709114 0.811313 0.893536 0.953757 0.990493 1.00284 0.990494 0.953758 0.893538 0.811316 0.709116 0.589456 0.455281 0.309895 0.156879 
0.154053 0.304313 0.44708 0.578839 0.696344 0.796704 0.877445 0.936582 0.972656 0.984781 0.972657 0.936583 0.877447 0.796705 0.696346 0.578841 0.447082 0.304315 0.154054 
0.142233 0.280964 0.412777 0.534425 0.642915 0.735574 0.810121 0.864719 0.898026 0.90922 0.898027 0.86472 0.810122 0.735575 0.642917 0.534427 0.412778 0.280965 0.142234 
0.120428 0.237891 0.349496 0.452496 0.544354 0.622808 0.685926 0.732155 0.760355 0.769834 0.760356 0.732156 0.685927 0.622809 0.544355 0.452497 0.349498 0.237892 0.120429 
0.088506 0.174833 0.256855 0.332552 0.400061 0.457719 0.504106 0.538081 0.558806 0.565772 0.558806 0.538081 0.504107 0.457719 0.400061 0.332553 0.256855 0.174833 0.0885064 
0.0475245 0.0938788 0.137922 0.178568 0.214818 0.245778 0.270686 0.28893 0.300058 0.303799 0.300058 0.28893 0.270687 0.245779 0.214818 0.178569 0.137922 0.0938791 0.0475247 
