7.7695e-05 0.000155088 0.000231873 0.000307747 0.000382412 0.000455571 0.000526936 0.000596226 0.000663166 0.000727493 0.000788952 0.000847301 0.000902309 0.000953759 0.00100145 0.00104519 0.0010848 0.00112014 0.00115106 0.00117743 0.00119916 0.00121616 0.00122836 0.00123572 0.00123819 0.00123578 0.0012285 0.00121636 0.00119942 0.00117775 0.00115143 0.00112056 0.00108527 0.00104569 0.00100198 0.000954322 0.00090289 0.000847892 0.000789545 0.000728079 0.000663736 0.00059677 0.000527445 0.000456036 0.000382822 0.000308095 0.000232147 0.00015528 7.77952e-05 
0.000313206 0.000625185 0.000934706 0.00124055 0.0015415 0.00183638 0.00212401 0.00240328 0.00267307 0.00293231 0.00317999 0.00341512 0.00363679 0.0038441 0.00403626 0.00421248 0.00437209 0.00451444 0.00463899 0.00474522 0.00483274 0.00490118 0.00495028 0.00497984 0.00498976 0.00497998 0.00495054 0.00490157 0.00483325 0.00474585 0.00463972 0.00451528 0.00437301 0.00421349 0.00403732 0.00384522 0.00363794 0.0034163 0.00318117 0.00293347 0.0026742 0.00240436 0.00212503 0.0018373 0.00154232 0.00124124 0.000935251 0.000625567 0.000313406 
0.000706526 0.00141028 0.00210848 0.00279837 0.00347723 0.00414238 0.00479119 0.0054211 0.00602964 0.00661438 0.00717304 0.00770339 0.00820335 0.00867095 0.00910433 0.00950179 0.00986176 0.0101828 0.0104637 0.0107033 0.0109006 0.0110549 0.0111656 0.0112323 0.0112546 0.0112325 0.011166 0.0110555 0.0109014 0.0107042 0.0104648 0.0101841 0.00986314 0.00950329 0.00910592 0.00867262 0.00820508 0.00770514 0.00717479 0.00661612 0.00603133 0.00542272 0.0047927 0.00414375 0.00347845 0.0027994 0.00210929 0.00141085 0.000706824 
0.00125762 0.00251029 0.00375307 0.00498106 0.00618941 0.00737334 0.0085282 0.00964941 0.0107326 0.0117734 0.0127677 0.0137117 0.0146016 0.0154338 0.0162052 0.0169126 0.0175533 0.0181247 0.0186246 0.019051 0.0194022 0.0196768 0.0198738 0.0199924 0.020032 0.0199926 0.0198743 0.0196776 0.0194032 0.0190522 0.018626 0.0181263 0.0175551 0.0169146 0.0162073 0.015436 0.0146038 0.013714 0.01277 0.0117757 0.0107348 0.00965155 0.0085302 0.00737517 0.00619102 0.00498242 0.00375415 0.00251104 0.00125801 
0.00196637 0.00392501 0.00586817 0.0077882 0.00967752 0.0115287 0.0133343 0.0150874 0.0167809 0.0184082 0.0199629 0.0214388 0.0228302 0.0241314 0.0253374 0.0264435 0.0274452 0.0283385 0.0291201 0.0297867 0.0303358 0.0307652 0.0310731 0.0312585 0.0313204 0.0312588 0.0310738 0.0307661 0.0303371 0.0297883 0.0291219 0.0283406 0.0274474 0.0264459 0.02534 0.0241341 0.022833 0.0214417 0.0199658 0.0184111 0.0167837 0.01509 0.0133368 0.0115309 0.00967951 0.00778989 0.00586951 0.00392594 0.00196686 
0.00283257 0.00565398 0.0084531 0.0112189 0.0139404 0.016607 0.019208 0.0217333 0.0241727 0.0265169 0.0287564 0.0308824 0.0328865 0.0347609 0.0364981 0.0380913 0.0395342 0.0408211 0.0419468 0.0429071 0.043698 0.0443164 0.04476 0.0450269 0.0451161 0.0450273 0.0447608 0.0443176 0.0436995 0.0429089 0.041949 0.0408235 0.0395369 0.0380942 0.0365012 0.0347642 0.0328899 0.0308858 0.0287598 0.0265202 0.024176 0.0217364 0.0192109 0.0166097 0.0139428 0.0112209 0.00845469 0.00565509 0.00283314 
0.00385578 0.00769637 0.0115066 0.0152715 0.0189761 0.0226059 0.0261464 0.0295838 0.0329045 0.0360954 0.0391438 0.0420378 0.0447658 0.0473172 0.049682 0.0518506 0.0538146 0.0555663 0.0570987 0.0584057 0.0594823 0.0603241 0.0609278 0.0612911 0.0614125 0.0612915 0.0609287 0.0603254 0.059484 0.0584078 0.0571011 0.0555691 0.0538177 0.051854 0.0496855 0.047321 0.0447697 0.0420417 0.0391477 0.0360993 0.0329083 0.0295875 0.0261498 0.022609 0.0189788 0.0152738 0.0115084 0.00769765 0.00385645 
0.00503532 0.0100508 0.0150267 0.0199432 0.0247812 0.0295213 0.034145 0.0386339 0.0429704 0.0471373 0.0511183 0.0548975 0.0584601 0.061792 0.06488 0.067712 0.0702768 0.0725643 0.0745654 0.0762723 0.0776781 0.0787774 0.0795658 0.0800401 0.0801986 0.0800406 0.0795667 0.0787788 0.07768 0.0762746 0.0745682 0.0725675 0.0702803 0.0677158 0.0648841 0.0617962 0.0584644 0.0549019 0.0511227 0.0471417 0.0429747 0.038638 0.0341488 0.0295248 0.0247842 0.0199459 0.0150287 0.0100523 0.00503608 
0.00637015 0.0127152 0.0190101 0.02523 0.0313504 0.0373471 0.0431964 0.0488753 0.0543614 0.0596329 0.0646691 0.0694501 0.0739571 0.0781722 0.0820788 0.0856615 0.0889062 0.0918 0.0943315 0.0964907 0.0982692 0.0996598 0.100657 0.101257 0.101458 0.101258 0.100658 0.0996615 0.0982713 0.0964934 0.0943346 0.0918035 0.08891 0.0856657 0.0820833 0.0781769 0.0739619 0.069455 0.064674 0.0596378 0.0543661 0.0488799 0.0432007 0.037351 0.0313538 0.0252329 0.0190124 0.0127168 0.00637099 
0.00785873 0.0156865 0.0234524 0.0311258 0.0386763 0.0460743 0.0532905 0.0602964 0.0670644 0.0735677 0.0797807 0.0856789 0.091239 0.0964391 0.101259 0.105678 0.109681 0.113251 0.116374 0.119038 0.121232 0.122948 0.124178 0.124918 0.125165 0.124919 0.124179 0.122949 0.121234 0.119041 0.116378 0.113255 0.109685 0.105683 0.101263 0.0964442 0.0912443 0.0856843 0.0797861 0.073573 0.0670696 0.0603014 0.0532951 0.0460785 0.0386801 0.0311289 0.0234549 0.0156882 0.00785965 
0.00949893 0.0189604 0.0283471 0.037622 0.0467484 0.0556904 0.0644127 0.0728807 0.0810612 0.0889218 0.0964315 0.103561 0.110281 0.116566 0.122392 0.127734 0.132572 0.136887 0.140662 0.143882 0.146534 0.148607 0.150094 0.150989 0.151288 0.15099 0.150096 0.148609 0.146536 0.143885 0.140666 0.136891 0.132577 0.127739 0.122397 0.116572 0.110287 0.103567 0.0964374 0.0889276 0.0810668 0.0728861 0.0644177 0.055695 0.0467525 0.0376254 0.0283498 0.0189623 0.00949992 
0.0112879 0.0225313 0.0336858 0.0447074 0.0555526 0.0661786 0.0765435 0.0866063 0.0963274 0.105668 0.114592 0.123064 0.13105 0.138519 0.145441 0.15179 0.157539 0.162667 0.167152 0.170978 0.17413 0.176594 0.178361 0.179424 0.179779 0.179425 0.178362 0.176596 0.174132 0.170982 0.167156 0.162671 0.157544 0.151795 0.145447 0.138525 0.131056 0.12307 0.114599 0.105675 0.0963334 0.086612 0.0765488 0.0661835 0.0555569 0.044711 0.0336886 0.0225333 0.0112889 
0.0132218 0.0263915 0.039457 0.0523669 0.0650702 0.0775167 0.0896574 0.101444 0.112831 0.123772 0.134225 0.144148 0.153502 0.162251 0.170359 0.177795 0.184529 0.190535 0.19579 0.200271 0.203962 0.206848 0.208918 0.210163 0.210579 0.210164 0.20892 0.20685 0.203965 0.200275 0.195794 0.19054 0.184535 0.177801 0.170365 0.162257 0.153509 0.144155 0.134232 0.123779 0.112837 0.10145 0.0896631 0.0775219 0.0650748 0.0523708 0.0394601 0.0263936 0.0132229 
0.0152959 0.0305315 0.0456466 0.0605816 0.0752776 0.0896766 0.103722 0.117358 0.13053 0.143188 0.15528 0.16676 0.177582 0.187703 0.197083 0.205685 0.213476 0.220424 0.226502 0.231687 0.235957 0.239295 0.24169 0.243131 0.243612 0.243131 0.241691 0.239298 0.23596 0.23169 0.226507 0.220429 0.213481 0.205691 0.197089 0.187709 0.177589 0.166767 0.155287 0.143195 0.130537 0.117364 0.103728 0.0896821 0.0752825 0.0605857 0.0456498 0.0305337 0.0152971 
0.0175041 0.0349392 0.0522364 0.0693276 0.0861451 0.102623 0.118696 0.1343 0.149374 0.163859 0.177697 0.190834 0.203218 0.2148 0.225534 0.235379 0.244294 0.252245 0.259201 0.265134 0.27002 0.273841 0.276581 0.278229 0.27878 0.27823 0.276583 0.273843 0.270023 0.265137 0.259205 0.25225 0.2443 0.235385 0.225541 0.214807 0.203225 0.190842 0.177705 0.163866 0.149381 0.134307 0.118702 0.102629 0.0861502 0.0693318 0.0522398 0.0349415 0.0175053 
0.019839 0.0395997 0.0592043 0.0785752 0.0976361 0.116312 0.134528 0.152214 0.169299 0.185716 0.2014 0.21629 0.230325 0.243452 0.255618 0.266775 0.27688 0.285892 0.293775 0.300499 0.306037 0.310368 0.313473 0.315342 0.315966 0.315343 0.313475 0.31037 0.306041 0.300503 0.29378 0.285897 0.276886 0.266782 0.255625 0.243459 0.230333 0.216297 0.201408 0.185724 0.169306 0.152221 0.134535 0.116318 0.0976414 0.0785797 0.0592078 0.0396022 0.0198403 
0.0222915 0.0444951 0.0665232 0.0882888 0.109706 0.13069 0.151159 0.171031 0.190228 0.208674 0.226297 0.243027 0.258798 0.273548 0.287218 0.299754 0.311108 0.321233 0.330091 0.337647 0.34387 0.348735 0.352225 0.354324 0.355025 0.354325 0.352226 0.348738 0.343873 0.337651 0.330096 0.321239 0.311114 0.299761 0.287225 0.273555 0.258806 0.243035 0.226305 0.208682 0.190236 0.171038 0.151166 0.130696 0.109711 0.0882934 0.0665268 0.0444977 0.0222928 
0.0248509 0.0496037 0.0741609 0.0984254 0.122302 0.145695 0.168514 0.190667 0.212069 0.232633 0.252279 0.27093 0.288511 0.304954 0.320194 0.334169 0.346826 0.358115 0.36799 0.376412 0.383349 0.388774 0.392664 0.395004 0.395786 0.395005 0.392666 0.388776 0.383353 0.376417 0.367995 0.35812 0.346833 0.334176 0.320201 0.304962 0.288519 0.270938 0.252287 0.232641 0.212076 0.190675 0.168521 0.145701 0.122307 0.0984302 0.0741646 0.0496064 0.0248522 
0.0275043 0.0549001 0.0820793 0.108935 0.13536 0.161251 0.186506 0.211025 0.234712 0.257472 0.279216 0.299858 0.319316 0.337515 0.354381 0.369849 0.383858 0.396351 0.40728 0.416602 0.42428 0.430284 0.434589 0.437179 0.438044 0.43718 0.434591 0.430286 0.424284 0.416607 0.407286 0.396357 0.383864 0.369856 0.354389 0.337523 0.319324 0.299866 0.279224 0.25748 0.23472 0.211033 0.186514 0.161258 0.135366 0.108939 0.0820831 0.0549028 0.0275057 
0.0302368 0.0603544 0.0902338 0.119757 0.148808 0.177272 0.205036 0.231991 0.25803 0.283051 0.306955 0.329648 0.35104 0.371046 0.389588 0.406593 0.421993 0.435728 0.447743 0.457991 0.466432 0.473031 0.477764 0.480612 0.481563 0.480613 0.477766 0.473034 0.466435 0.457996 0.447748 0.435734 0.422 0.4066 0.389596 0.371054 0.351048 0.329656 0.306964 0.28306 0.258038 0.231998 0.205043 0.177278 0.148814 0.119762 0.0902377 0.0603571 0.0302383 
0.0330313 0.0659322 0.0985731 0.130825 0.162561 0.193655 0.223985 0.253431 0.281877 0.30921 0.335323 0.360113 0.383482 0.405337 0.425593 0.444169 0.460993 0.475997 0.489122 0.500317 0.509538 0.516747 0.521918 0.525028 0.526067 0.525029 0.52192 0.51675 0.509541 0.500322 0.489127 0.476003 0.460999 0.444177 0.425601 0.405346 0.38349 0.360122 0.335332 0.309219 0.281885 0.253439 0.223992 0.193661 0.162567 0.13083 0.098577 0.065935 0.0330327 
0.0358679 0.0715943 0.107038 0.14206 0.176521 0.210285 0.24322 0.275194 0.306083 0.335764 0.364119 0.391038 0.416414 0.440146 0.462141 0.482313 0.500581 0.516873 0.531125 0.543282 0.553294 0.561123 0.566738 0.570115 0.571243 0.570116 0.566739 0.561126 0.553298 0.543287 0.531131 0.516879 0.500587 0.48232 0.462149 0.440154 0.416422 0.391047 0.364128 0.335772 0.306091 0.275202 0.243227 0.210292 0.176527 0.142065 0.107042 0.0715971 0.0358694 
0.0387243 0.0772959 0.115563 0.153373 0.190578 0.227032 0.262589 0.29711 0.330459 0.362503 0.393117 0.42218 0.449576 0.475198 0.498945 0.520723 0.540446 0.558035 0.573423 0.586548 0.597357 0.60581 0.611871 0.615518 0.616735 0.615519 0.611873 0.605812 0.597361 0.586552 0.573428 0.558042 0.540452 0.52073 0.498953 0.475207 0.449585 0.422188 0.393126 0.362512 0.330467 0.297118 0.262597 0.227039 0.190585 0.153378 0.115567 0.0772988 0.0387258 
0.0415756 0.0829872 0.124071 0.164666 0.204611 0.243748 0.281924 0.318986 0.35479 0.389194 0.422062 0.453265 0.482678 0.510187 0.535682 0.559063 0.580238 0.599123 0.615644 0.629735 0.64134 0.650415 0.656922 0.660837 0.662145 0.660838 0.656924 0.650418 0.641344 0.629739 0.615649 0.599129 0.580245 0.559071 0.53569 0.510195 0.482687 0.453273 0.422071 0.389203 0.354799 0.318995 0.281931 0.243755 0.204617 0.164671 0.124075 0.0829901 0.0415771 
0.0443939 0.0886127 0.132482 0.175828 0.218481 0.260271 0.301034 0.340609 0.37884 0.415576 0.450672 0.48399 0.515397 0.54477 0.571994 0.59696 0.61957 0.639735 0.657375 0.672421 0.684814 0.694503 0.701452 0.705633 0.707028 0.705634 0.701454 0.694506 0.684818 0.672426 0.657381 0.639741 0.619577 0.596967 0.572002 0.544779 0.515406 0.483998 0.450681 0.415585 0.378849 0.340617 0.301042 0.260278 0.218487 0.175833 0.132486 0.0886155 0.0443954 
0.0471485 0.094111 0.140702 0.186738 0.232037 0.27642 0.319713 0.361744 0.402347 0.441362 0.478636 0.514021 0.547377 0.578573 0.607485 0.634 0.658013 0.67943 0.698165 0.714144 0.727305 0.737596 0.744976 0.749416 0.750898 0.749417 0.744978 0.737599 0.727309 0.714149 0.69817 0.679436 0.65802 0.634008 0.607493 0.578581 0.547385 0.514029 0.478645 0.441371 0.402355 0.361752 0.31972 0.276427 0.232043 0.186743 0.140706 0.0941138 0.04715 
0.049806 0.0994156 0.148633 0.197264 0.245116 0.292001 0.337733 0.382133 0.425025 0.46624 0.505614 0.542993 0.578229 0.611183 0.641726 0.669735 0.695102 0.717725 0.737516 0.754396 0.768299 0.77917 0.786966 0.791656 0.793221 0.791657 0.786968 0.779173 0.768303 0.754401 0.737521 0.717731 0.695109 0.669743 0.641734 0.611192 0.578238 0.543002 0.505623 0.466248 0.425033 0.382141 0.337741 0.292008 0.245122 0.197269 0.148637 0.0994184 0.0498075 
0.0523303 0.104454 0.156166 0.207261 0.257539 0.3068 0.354851 0.401501 0.446566 0.48987 0.53124 0.570513 0.607535 0.64216 0.67425 0.703679 0.730331 0.754101 0.774895 0.79263 0.807238 0.81866 0.826851 0.831778 0.833423 0.831779 0.826852 0.818662 0.807242 0.792635 0.7749 0.754107 0.730338 0.703686 0.674257 0.642168 0.607544 0.570522 0.531248 0.489878 0.446575 0.401509 0.354858 0.306807 0.257545 0.207266 0.15617 0.104457 0.0523318 
0.0546828 0.10915 0.163186 0.216578 0.269116 0.320592 0.370802 0.419549 0.466641 0.511891 0.55512 0.596159 0.634846 0.671026 0.704559 0.735311 0.763161 0.788 0.809728 0.828261 0.843525 0.85546 0.86402 0.869169 0.870888 0.86917 0.864021 0.855463 0.843529 0.828266 0.809733 0.788006 0.763168 0.735318 0.704567 0.671034 0.634854 0.596168 0.555129 0.511899 0.466649 0.419557 0.370809 0.320598 0.269122 0.216583 0.16319 0.109152 0.0546842 
0.0568223 0.11342 0.169571 0.225052 0.279646 0.333136 0.385311 0.435965 0.484899 0.531919 0.57684 0.619485 0.659685 0.697281 0.732126 0.764081 0.793021 0.818831 0.84141 0.860668 0.876529 0.888932 0.897825 0.903176 0.904962 0.903177 0.897827 0.888934 0.876533 0.860672 0.841415 0.818837 0.793028 0.764088 0.732134 0.697289 0.659693 0.619493 0.576849 0.531927 0.484907 0.435973 0.385318 0.333142 0.279652 0.225057 0.169575 0.113423 0.0568237 
0.0587062 0.117181 0.175193 0.232514 0.288917 0.34418 0.398085 0.450418 0.500975 0.549554 0.595964 0.640023 0.681555 0.720398 0.756398 0.789413 0.819312 0.845978 0.869305 0.889201 0.905588 0.918402 0.92759 0.933118 0.934964 0.933119 0.927592 0.918404 0.905592 0.889206 0.86931 0.845983 0.819318 0.789419 0.756405 0.720406 0.681563 0.640031 0.595972 0.549562 0.500982 0.450426 0.398092 0.344186 0.288922 0.232518 0.175197 0.117183 0.0587075 
0.0602898 0.120342 0.179919 0.238786 0.296711 0.353464 0.408823 0.462569 0.514489 0.564378 0.612041 0.657288 0.69994 0.739831 0.776802 0.810707 0.841413 0.868798 0.892754 0.913188 0.930017 0.943176 0.952612 0.958289 0.960184 0.95829 0.952614 0.943178 0.93002 0.913192 0.892759 0.868804 0.841419 0.810714 0.776809 0.739838 0.699948 0.657295 0.612048 0.564386 0.514496 0.462576 0.40883 0.35347 0.296716 0.23879 0.179922 0.120344 0.0602911 
0.0615278 0.122813 0.183613 0.243689 0.302803 0.360723 0.417218 0.472067 0.525053 0.575968 0.624609 0.670785 0.714313 0.755023 0.792753 0.827354 0.858691 0.886638 0.911086 0.931939 0.949114 0.962543 0.972173 0.977967 0.979901 0.977968 0.972175 0.962545 0.949117 0.931943 0.911091 0.886644 0.858697 0.827361 0.79276 0.75503 0.714321 0.670792 0.624616 0.575975 0.525061 0.472074 0.417225 0.360728 0.302809 0.243694 0.183617 0.122815 0.0615291 
0.0623745 0.124503 0.18614 0.247043 0.30697 0.365686 0.422959 0.478563 0.532279 0.583893 0.633204 0.680015 0.724143 0.765413 0.803662 0.838739 0.870507 0.898839 0.923623 0.944763 0.962174 0.975788 0.985551 0.991424 0.993385 0.991425 0.985552 0.97579 0.962177 0.944767 0.923628 0.898844 0.870512 0.838745 0.803668 0.765419 0.72415 0.680022 0.633211 0.5839 0.532285 0.47857 0.422966 0.365692 0.306975 0.247047 0.186143 0.124505 0.0623757 
0.0627845 0.125321 0.187364 0.248666 0.308988 0.36809 0.42574 0.481709 0.535777 0.587731 0.637366 0.684485 0.728903 0.770444 0.808944 0.844252 0.876229 0.904747 0.929694 0.950973 0.968498 0.982202 0.992029 0.997941 0.999914 0.997941 0.99203 0.982204 0.968501 0.950977 0.929699 0.904752 0.876234 0.844258 0.808951 0.77045 0.728909 0.684492 0.637373 0.587738 0.535784 0.481715 0.425746 0.368096 0.308993 0.24867 0.187367 0.125324 0.0627857 
0.0627139 0.12518 0.187153 0.248387 0.308641 0.367676 0.425261 0.481167 0.535175 0.58707 0.636649 0.683715 0.728083 0.769577 0.808035 0.843303 0.875243 0.903729 0.928649 0.949903 0.967409 0.981097 0.990913 0.996818 0.998789 0.996819 0.990914 0.981099 0.967412 0.949907 0.928653 0.903734 0.875248 0.843308 0.80804 0.769583 0.728089 0.683722 0.636655 0.587077 0.535181 0.481173 0.425267 0.367681 0.308645 0.248391 0.187156 0.125183 0.062715 
0.0621211 0.123997 0.185384 0.246039 0.305723 0.364201 0.421241 0.476619 0.530116 0.581521 0.630631 0.677252 0.7212 0.762302 0.800396 0.835331 0.866969 0.895186 0.91987 0.940924 0.958264 0.971822 0.981545 0.987395 0.989347 0.987396 0.981547 0.971824 0.958267 0.940927 0.919874 0.895191 0.866974 0.835336 0.800402 0.762308 0.721206 0.677258 0.630637 0.581527 0.530122 0.476625 0.421246 0.364205 0.305727 0.246042 0.185387 0.123999 0.0621221 
0.0609679 0.121695 0.181942 0.241471 0.300048 0.35744 0.413421 0.467771 0.520275 0.570725 0.618924 0.664679 0.707812 0.748151 0.785538 0.819824 0.850875 0.878568 0.902794 0.923456 0.940475 0.953781 0.963324 0.969065 0.970981 0.969065 0.963325 0.953783 0.940477 0.923459 0.902797 0.878572 0.850879 0.819829 0.785543 0.748156 0.707818 0.664685 0.618929 0.570731 0.52028 0.467776 0.413426 0.357444 0.300052 0.241475 0.181945 0.121697 0.0609689 
0.0592209 0.118208 0.176729 0.234552 0.29145 0.347197 0.401574 0.454367 0.505366 0.554371 0.601188 0.645633 0.687529 0.726713 0.763028 0.796332 0.826493 0.853392 0.876924 0.896994 0.913525 0.92645 0.93572 0.941296 0.943157 0.941296 0.935721 0.926452 0.913527 0.896997 0.876927 0.853396 0.826497 0.796336 0.763033 0.726718 0.687535 0.645638 0.601194 0.554377 0.505371 0.454372 0.401579 0.347201 0.291453 0.234555 0.176731 0.11821 0.0592218 
0.0568526 0.113481 0.169661 0.225172 0.279794 0.333312 0.385515 0.436196 0.485156 0.532201 0.577146 0.619813 0.660034 0.69765 0.732513 0.764485 0.79344 0.819264 0.841854 0.861122 0.876992 0.8894 0.898299 0.903652 0.905439 0.903653 0.8983 0.889402 0.876994 0.861125 0.841858 0.819268 0.793444 0.76449 0.732518 0.697655 0.660039 0.619818 0.577151 0.532206 0.485161 0.436201 0.385519 0.333316 0.279798 0.225175 0.169663 0.113482 0.0568534 
0.0538429 0.107473 0.16068 0.213252 0.264983 0.315668 0.365107 0.413105 0.459473 0.504028 0.546593 0.587002 0.625093 0.660718 0.693736 0.724015 0.751437 0.775894 0.797288 0.815536 0.830566 0.842317 0.850745 0.855815 0.857507 0.855815 0.850746 0.842319 0.830568 0.815539 0.797291 0.775897 0.751441 0.724019 0.69374 0.660723 0.625098 0.587006 0.546598 0.504032 0.459477 0.413109 0.365111 0.315671 0.264986 0.213255 0.160682 0.107475 0.0538437 
0.0501807 0.100163 0.149751 0.198747 0.246959 0.294197 0.340273 0.385007 0.428221 0.469745 0.509415 0.547075 0.582576 0.615778 0.646549 0.674769 0.700326 0.723119 0.743059 0.760066 0.774073 0.785025 0.792879 0.797604 0.799181 0.797605 0.79288 0.785026 0.774074 0.760068 0.743061 0.723122 0.70033 0.674773 0.646553 0.615782 0.58258 0.547079 0.509419 0.469749 0.428225 0.38501 0.340277 0.2942 0.246962 0.198749 0.149753 0.100165 0.0501813 
0.0458648 0.0915486 0.136871 0.181653 0.225719 0.268894 0.311007 0.351893 0.391391 0.429344 0.465602 0.500023 0.53247 0.562817 0.590942 0.616734 0.640093 0.660926 0.67915 0.694694 0.707497 0.717507 0.724686 0.729004 0.730446 0.729005 0.724687 0.717508 0.707498 0.694696 0.679153 0.660928 0.640096 0.616737 0.590945 0.56282 0.532474 0.500026 0.465605 0.429347 0.391394 0.351897 0.31101 0.268896 0.225721 0.181656 0.136873 0.0915497 0.0458654 
0.0409058 0.0816502 0.122072 0.162013 0.201314 0.239821 0.277381 0.313846 0.349073 0.382922 0.41526 0.44596 0.474899 0.501964 0.527048 0.550052 0.570886 0.589466 0.60572 0.619583 0.631001 0.639929 0.646332 0.650183 0.651469 0.650184 0.646332 0.63993 0.631003 0.619585 0.605722 0.589468 0.570888 0.550055 0.527051 0.501967 0.474902 0.445963 0.415264 0.382925 0.349076 0.313849 0.277383 0.239823 0.201316 0.162015 0.122074 0.0816512 0.0409063 
0.0353273 0.0705152 0.105425 0.139918 0.17386 0.207115 0.239553 0.271046 0.301468 0.330702 0.35863 0.385142 0.410135 0.433509 0.455172 0.475039 0.493031 0.509078 0.523115 0.535088 0.544949 0.552659 0.558189 0.561515 0.562625 0.561515 0.558189 0.55266 0.54495 0.535089 0.523117 0.50908 0.493033 0.475041 0.455175 0.433511 0.410137 0.385145 0.358632 0.330704 0.301471 0.271048 0.239555 0.207117 0.173862 0.13992 0.105426 0.0705161 0.0353277 
0.0291669 0.0582187 0.0870407 0.115519 0.143542 0.170998 0.197779 0.22378 0.248898 0.273033 0.296091 0.317981 0.338615 0.357913 0.375799 0.392201 0.407056 0.420304 0.431893 0.441778 0.44992 0.456286 0.460851 0.463597 0.464514 0.463597 0.460851 0.456286 0.449921 0.441779 0.431895 0.420305 0.407057 0.392203 0.375801 0.357915 0.338617 0.317983 0.296093 0.273035 0.2489 0.223782 0.197781 0.171 0.143543 0.11552 0.0870417 0.0582193 0.0291672 
0.0224773 0.0448658 0.0670773 0.0890241 0.11062 0.131778 0.152417 0.172455 0.191811 0.210411 0.228181 0.245049 0.260951 0.275823 0.289607 0.302247 0.313695 0.323904 0.332836 0.340453 0.346727 0.351633 0.355151 0.357268 0.357974 0.357268 0.355152 0.351634 0.346728 0.340454 0.332837 0.323905 0.313696 0.302248 0.289608 0.275825 0.260953 0.245051 0.228182 0.210413 0.191813 0.172456 0.152419 0.13178 0.110621 0.089025 0.067078 0.0448663 0.0224775 
0.015327 0.0305935 0.0457392 0.0607045 0.0754302 0.0898582 0.103932 0.117595 0.130794 0.143477 0.155594 0.167096 0.17794 0.188081 0.197479 0.206099 0.213905 0.220866 0.226957 0.232151 0.236429 0.239775 0.242174 0.243617 0.244098 0.243617 0.242174 0.239775 0.23643 0.232152 0.226957 0.220867 0.213905 0.2061 0.19748 0.188082 0.177941 0.167097 0.155595 0.143478 0.130795 0.117596 0.103932 0.089859 0.0754309 0.0607051 0.0457397 0.0305938 0.0153272 
0.00780086 0.0155709 0.0232796 0.0308963 0.0383912 0.0457345 0.0528973 0.0598514 0.0665693 0.0730244 0.0791914 0.0850458 0.0905646 0.095726 0.10051 0.104897 0.10887 0.112413 0.115513 0.118156 0.120334 0.122036 0.123257 0.123992 0.124237 0.123992 0.123257 0.122037 0.120334 0.118157 0.115513 0.112413 0.10887 0.104897 0.10051 0.0957265 0.0905651 0.0850464 0.0791919 0.0730249 0.0665698 0.0598519 0.0528978 0.0457349 0.0383915 0.0308966 0.0232798 0.0155711 0.00780095 
