0.00121087 0.00239192 0.00351407 0.0045497 0.00547329 0.00626212 0.00689675 0.00736156 0.00764511 0.0077404 0.0076451 0.00736156 0.00689675 0.00626212 0.00547329 0.00454969 0.00351407 0.00239191 0.00121086 
0.0048785 0.00963687 0.0141579 0.0183304 0.0220515 0.0252296 0.0277865 0.0296592 0.0308016 0.0311855 0.0308016 0.0296592 0.0277865 0.0252296 0.0220515 0.0183304 0.0141579 0.00963686 0.00487849 
0.0109971 0.0217233 0.0319147 0.0413202 0.0497083 0.0568724 0.0626361 0.0668575 0.0694326 0.0702981 0.0694326 0.0668575 0.0626361 0.0568724 0.0497083 0.0413202 0.0319147 0.0217233 0.010997 
0.0195418 0.0386023 0.0567124 0.073426 0.0883316 0.101062 0.111304 0.118806 0.123382 0.12492 0.123382 0.118806 0.111304 0.101062 0.0883316 0.073426 0.0567124 0.0386023 0.0195417 
0.0304463 0.0601429 0.0883586 0.114399 0.137622 0.157456 0.173413 0.185101 0.19223 0.194626 0.19223 0.185101 0.173413 0.157456 0.137622 0.114399 0.0883586 0.0601429 0.0304463 
0.0435718 0.0860707 0.12645 0.163716 0.196951 0.225336 0.248173 0.264898 0.275102 0.278531 0.275102 0.264898 0.248173 0.225336 0.196951 0.163716 0.12645 0.0860707 0.0435718 
0.0586683 0.115892 0.170262 0.22044 0.26519 0.303409 0.334158 0.356679 0.370417 0.375035 0.370417 0.356679 0.334158 0.303409 0.26519 0.22044 0.170262 0.115892 0.0586683 
0.0753313 0.148808 0.21862 0.283049 0.340508 0.389583 0.429066 0.457983 0.475623 0.481552 0.475623 0.457983 0.429066 0.389583 0.340508 0.283049 0.21862 0.148808 0.0753313 
0.0929563 0.183624 0.26977 0.349273 0.420176 0.480733 0.529453 0.565136 0.586903 0.594219 0.586903 0.565136 0.529453 0.480733 0.420176 0.349273 0.26977 0.183624 0.0929563 
0.110699 0.218673 0.321262 0.41594 0.500377 0.572493 0.630512 0.673006 0.698928 0.70764 0.698928 0.673006 0.630512 0.572493 0.500377 0.41594 0.321262 0.218673 0.110699 
0.12745 0.251761 0.369873 0.478878 0.576091 0.659119 0.725917 0.774841 0.804685 0.814716 0.804685 0.774841 0.725917 0.659119 0.576091 0.478878 0.369873 0.251761 0.12745 
0.141828 0.280164 0.411602 0.532904 0.641084 0.733479 0.807813 0.862257 0.895468 0.90663 0.895468 0.862257 0.807813 0.733479 0.641084 0.532904 0.411602 0.280164 0.141828 
0.152224 0.300699 0.441771 0.571964 0.688074 0.787241 0.867024 0.925457 0.961103 0.973083 0.961103 0.925457 0.867024 0.787241 0.688074 0.571964 0.441771 0.300699 0.152224 
0.156881 0.3099 0.455288 0.589465 0.709127 0.811329 0.893553 0.953774 0.990511 1.00286 0.990511 0.953774 0.893553 0.811329 0.709127 0.589465 0.455288 0.3099 0.156882 
0.154056 0.304319 0.447088 0.578849 0.696356 0.796717 0.87746 0.936597 0.972672 0.984796 0.972672 0.936597 0.87746 0.796717 0.696356 0.578849 0.447088 0.304319 0.154056 
0.142235 0.280968 0.412783 0.534434 0.642925 0.735585 0.810132 0.864732 0.898039 0.909233 0.898039 0.864732 0.810132 0.735585 0.642925 0.534434 0.412783 0.280968 0.142235 
0.12043 0.237895 0.349501 0.452502 0.544361 0.622816 0.685935 0.732164 0.760365 0.769843 0.760365 0.732164 0.685935 0.622816 0.544361 0.452502 0.349501 0.237895 0.12043 
0.0885072 0.174835 0.256858 0.332556 0.400065 0.457724 0.504112 0.538087 0.558812 0.565778 0.558812 0.538087 0.504112 0.457724 0.400065 0.332556 0.256858 0.174835 0.0885072 
0.0475251 0.0938799 0.137923 0.17857 0.21482 0.245781 0.270689 0.288933 0.300062 0.303802 0.300062 0.288933 0.270689 0.245781 0.21482 0.17857 0.137923 0.0938799 0.0475251 
