0.0012109 0.00239198 0.00351416 0.00454981 0.00547343 0.00626228 0.00689693 0.00736175 0.00764531 0.00774061 0.00764531 0.00736175 0.00689693 0.00626228 0.00547343 0.00454981 0.00351416 0.00239198 0.0012109 
0.00487856 0.00963699 0.0141581 0.0183306 0.0220518 0.02523 0.0277869 0.0296596 0.030802 0.031186 0.030802 0.0296596 0.0277869 0.02523 0.0220518 0.0183306 0.0141581 0.00963699 0.00487856 
0.0109971 0.0217235 0.031915 0.0413206 0.0497087 0.0568729 0.0626366 0.0668581 0.0694332 0.0702987 0.0694332 0.0668581 0.0626366 0.0568729 0.0497087 0.0413206 0.031915 0.0217235 0.0109971 
0.0195419 0.0386026 0.0567127 0.0734264 0.0883321 0.101063 0.111305 0.118806 0.123383 0.12492 0.123383 0.118806 0.111305 0.101063 0.0883321 0.0734264 0.0567127 0.0386026 0.0195419 
0.0304464 0.0601432 0.088359 0.114399 0.137622 0.157457 0.173414 0.185102 0.192231 0.194627 0.192231 0.185102 0.173414 0.157457 0.137622 0.114399 0.088359 0.0601432 0.0304464 
0.043572 0.0860711 0.126451 0.163717 0.196952 0.225337 0.248174 0.264899 0.275103 0.278532 0.275103 0.264899 0.248174 0.225337 0.196952 0.163717 0.126451 0.0860711 0.043572 
0.0586685 0.115892 0.170263 0.220441 0.26519 0.30341 0.334159 0.35668 0.370419 0.375036 0.370419 0.35668 0.334159 0.30341 0.26519 0.220441 0.170263 0.115892 0.0586685 
0.0753315 0.148808 0.21862 0.28305 0.340509 0.389585 0.429067 0.457984 0.475624 0.481553 0.475624 0.457984 0.429067 0.389585 0.340509 0.28305 0.21862 0.148808 0.0753315 
0.0929565 0.183624 0.26977 0.349274 0.420177 0.480734 0.529454 0.565137 0.586904 0.59422 0.586904 0.565137 0.529454 0.480734 0.420177 0.349274 0.26977 0.183624 0.0929565 
0.1107 0.218673 0.321263 0.415941 0.500378 0.572494 0.630513 0.673007 0.698929 0.707641 0.698929 0.673007 0.630513 0.572494 0.500378 0.415941 0.321263 0.218673 0.1107 
0.12745 0.251761 0.369874 0.478879 0.576092 0.65912 0.725918 0.774842 0.804687 0.814717 0.804687 0.774842 0.725918 0.65912 0.576092 0.478879 0.369874 0.251761 0.12745 
0.141828 0.280165 0.411602 0.532905 0.641085 0.73348 0.807815 0.862258 0.895469 0.906632 0.895469 0.862258 0.807815 0.73348 0.641085 0.532905 0.411602 0.280165 0.141828 
0.152224 0.3007 0.441771 0.571965 0.688075 0.787242 0.867025 0.925458 0.961104 0.973085 0.961104 0.925458 0.867025 0.787242 0.688075 0.571965 0.441771 0.3007 0.152224 
0.156882 0.3099 0.455288 0.589466 0.709128 0.81133 0.893554 0.953775 0.990512 1.00286 0.990512 0.953775 0.893554 0.81133 0.709128 0.589466 0.455288 0.3099 0.156882 
0.154056 0.304319 0.447089 0.578849 0.696357 0.796718 0.877461 0.936598 0.972673 0.984797 0.972673 0.936598 0.877461 0.796718 0.696357 0.578849 0.447089 0.304319 0.154056 
0.142235 0.280969 0.412783 0.534434 0.642925 0.735585 0.810133 0.864732 0.898039 0.909233 0.898039 0.864732 0.810133 0.735585 0.642925 0.534434 0.412783 0.280969 0.142235 
0.12043 0.237895 0.349502 0.452503 0.544362 0.622817 0.685936 0.732165 0.760365 0.769844 0.760365 0.732165 0.685936 0.622817 0.544362 0.452503 0.349502 0.237895 0.12043 
0.0885072 0.174835 0.256858 0.332556 0.400066 0.457724 0.504112 0.538087 0.558813 0.565778 0.558813 0.538087 0.504112 0.457724 0.400066 0.332556 0.256858 0.174835 0.0885072 
0.0475251 0.09388 0.137923 0.17857 0.21482 0.245781 0.27069 0.288933 0.300062 0.303802 0.300062 0.288933 0.27069 0.245781 0.21482 0.17857 0.137923 0.09388 0.0475251 
