0.00122862 0.00242699 0.0035656 0.00461641 0.00555355 0.00635394 0.00699788 0.0074695 0.00775721 0.0078539 0.00775721 0.0074695 0.00699788 0.00635394 0.00555355 0.00461641 0.0035656 0.00242699 0.00122862 
0.00491373 0.00970646 0.0142602 0.0184628 0.0222108 0.0254118 0.0279872 0.0298734 0.031024 0.0314108 0.031024 0.0298734 0.0279872 0.0254118 0.0222108 0.0184628 0.0142602 0.00970646 0.00491373 
0.0110485 0.0218249 0.032064 0.0415135 0.0499408 0.0571384 0.0629291 0.0671703 0.0697575 0.070627 0.0697575 0.0671703 0.0629291 0.0571384 0.0499408 0.0415135 0.032064 0.0218249 0.0110485 
0.0196064 0.0387301 0.0569001 0.073669 0.088624 0.101397 0.111673 0.119199 0.12379 0.125333 0.12379 0.119199 0.111673 0.101397 0.088624 0.073669 0.0569001 0.0387301 0.0196064 
0.0305189 0.0602862 0.0885692 0.114671 0.13795 0.157831 0.173827 0.185542 0.192688 0.19509 0.192688 0.185542 0.173827 0.157831 0.13795 0.114671 0.0885692 0.0602862 0.0305189 
0.0436438 0.086213 0.126659 0.163987 0.197277 0.225709 0.248583 0.265336 0.275556 0.278991 0.275556 0.265336 0.248583 0.225709 0.197277 0.163987 0.126659 0.086213 0.0436438 
0.0587279 0.11601 0.170435 0.220664 0.265459 0.303718 0.334498 0.357041 0.370794 0.375416 0.370794 0.357041 0.334498 0.303718 0.265459 0.220664 0.170435 0.11601 0.0587279 
0.0753629 0.14887 0.218712 0.283168 0.340651 0.389747 0.429246 0.458175 0.475822 0.481754 0.475822 0.458175 0.429246 0.389747 0.340651 0.283168 0.218712 0.14887 0.0753629 
0.092941 0.183594 0.269725 0.349216 0.420107 0.480654 0.529366 0.565043 0.586806 0.594121 0.586806 0.565043 0.529366 0.480654 0.420107 0.349216 0.269725 0.183594 0.092941 
0.110616 0.218508 0.32102 0.415627 0.5 0.572061 0.630037 0.672499 0.698401 0.707107 0.698401 0.672499 0.630037 0.572061 0.5 0.415627 0.32102 0.218508 0.110616 
0.127276 0.251419 0.369371 0.478227 0.575308 0.658223 0.72493 0.773788 0.803592 0.813608 0.803592 0.773788 0.72493 0.658223 0.575308 0.478227 0.369371 0.251419 0.127276 
0.141546 0.279607 0.410783 0.531844 0.639809 0.73202 0.806207 0.860542 0.893687 0.904827 0.893687 0.860542 0.806207 0.73202 0.639809 0.531844 0.410783 0.279607 0.141546 
0.151821 0.299903 0.440601 0.570449 0.686252 0.785156 0.864728 0.923007 0.958558 0.970506 0.958558 0.923007 0.864728 0.785156 0.686252 0.570449 0.440601 0.299903 0.151821 
0.156357 0.308865 0.453766 0.587495 0.706758 0.808618 0.890567 0.950587 0.987201 0.999507 0.987201 0.950587 0.890567 0.808618 0.706758 0.587495 0.453766 0.308865 0.156357 
0.153429 0.303079 0.445267 0.576491 0.69352 0.793472 0.873886 0.932782 0.96871 0.980785 0.96871 0.932782 0.873886 0.793472 0.69352 0.576491 0.445267 0.303079 0.153429 
0.141546 0.279607 0.410783 0.531844 0.639809 0.73202 0.806207 0.860542 0.893687 0.904827 0.893687 0.860542 0.806207 0.73202 0.639809 0.531844 0.410783 0.279607 0.141546 
0.119748 0.236547 0.347522 0.44994 0.541278 0.619289 0.682051 0.728018 0.756059 0.765483 0.756059 0.728018 0.682051 0.619289 0.541278 0.44994 0.347522 0.236547 0.119748 
0.0879292 0.173693 0.255181 0.330384 0.397453 0.454735 0.50082 0.534573 0.555163 0.562083 0.555163 0.534573 0.50082 0.454735 0.397453 0.330384 0.255181 0.173693 0.0879292 
0.0471709 0.0931804 0.136895 0.17724 0.21322 0.243949 0.268672 0.28678 0.297826 0.301538 0.297826 0.28678 0.268672 0.243949 0.21322 0.17724 0.136895 0.0931804 0.0471709 
