0.00120087 0.00237292 0.00348794 0.00451895 0.00544081 0.00623084 0.0068694 0.00734041 0.0076318 0.00773586 0.00764945 0.00737416 0.00691625 0.00628657 0.00550028 0.00457652 0.0035379 0.00241003 0.00122085 
0.00485843 0.0095987 0.0141054 0.0182685 0.0219859 0.0251662 0.0277308 0.0296157 0.0307736 0.031175 0.0308088 0.029683 0.0278243 0.0252776 0.0221049 0.0183838 0.0142057 0.00967343 0.00489883 
0.0109669 0.0216658 0.0318354 0.0412265 0.0496086 0.0567755 0.0625501 0.0667893 0.0693873 0.0702786 0.0694397 0.0668895 0.0626894 0.0569415 0.0497862 0.041399 0.0319858 0.0217783 0.0110279 
0.0195015 0.0385255 0.0566062 0.0733 0.0881969 0.10093 0.111186 0.11871 0.123315 0.124887 0.123384 0.118841 0.111368 0.101148 0.0884303 0.0735272 0.0568048 0.0386746 0.0195828 
0.0303962 0.0600472 0.0882259 0.11424 0.137451 0.157288 0.17326 0.184974 0.192138 0.194575 0.192221 0.185132 0.173481 0.157552 0.137735 0.114517 0.0884685 0.0602299 0.0304964 
0.0435124 0.0859571 0.126292 0.163527 0.196745 0.22513 0.247982 0.264736 0.274978 0.278453 0.275073 0.264917 0.248235 0.225432 0.19707 0.163844 0.126572 0.0861684 0.0436288 
0.0586006 0.115762 0.170081 0.220221 0.26495 0.303167 0.333929 0.356479 0.370258 0.374924 0.37036 0.356675 0.334203 0.303494 0.265303 0.220567 0.170386 0.115994 0.0587291 
0.0752564 0.148664 0.218418 0.282804 0.340238 0.389306 0.428798 0.457743 0.475423 0.481401 0.475528 0.457944 0.42908 0.389644 0.340603 0.283163 0.218736 0.148906 0.0753915 
0.0928762 0.183469 0.269552 0.349007 0.419879 0.480423 0.529149 0.564855 0.586659 0.594022 0.586761 0.565051 0.529424 0.480754 0.420237 0.34936 0.269866 0.18371 0.093011 
0.110616 0.218512 0.321034 0.415659 0.500059 0.572157 0.630176 0.672686 0.698639 0.707394 0.698732 0.672865 0.630427 0.57246 0.500388 0.415985 0.321325 0.218736 0.110743 
0.127366 0.251598 0.369641 0.478589 0.575761 0.658765 0.725555 0.774487 0.804354 0.814419 0.804432 0.774637 0.725766 0.65902 0.57604 0.478867 0.369891 0.251792 0.127476 
0.141747 0.280005 0.411373 0.532617 0.640752 0.733117 0.807435 0.861876 0.8951 0.906286 0.895158 0.861988 0.807593 0.733308 0.640963 0.532828 0.411565 0.280155 0.141833 
0.152147 0.30055 0.441554 0.571689 0.687751 0.786882 0.866641 0.925063 0.960709 0.972702 0.960744 0.92513 0.866735 0.786998 0.68788 0.57182 0.441675 0.300646 0.152204 
0.156813 0.309765 0.455091 0.589212 0.708826 0.810987 0.893181 0.953381 0.990107 1.00245 0.990117 0.953401 0.893209 0.811023 0.708868 0.589257 0.455135 0.309803 0.156837 
0.153997 0.304203 0.446917 0.578626 0.696087 0.796407 0.877115 0.936224 0.972279 0.984392 0.972266 0.9362 0.877082 0.796369 0.696049 0.578592 0.44689 0.304185 0.15399 
0.142188 0.280874 0.412643 0.53425 0.642699 0.73532 0.809831 0.864399 0.89768 0.908855 0.89765 0.864342 0.809753 0.735226 0.6426 0.534155 0.412561 0.280813 0.142155 
0.120395 0.237825 0.349396 0.452362 0.544187 0.622607 0.685694 0.731892 0.760066 0.769522 0.760028 0.73182 0.685593 0.622487 0.544058 0.452236 0.349285 0.23774 0.120348 
0.0884845 0.174789 0.256789 0.332463 0.399947 0.457581 0.503943 0.537894 0.558596 0.565543 0.558562 0.537827 0.50385 0.457469 0.399827 0.332344 0.256683 0.174708 0.0884381 
0.0475141 0.0938577 0.137889 0.178524 0.214761 0.245708 0.270603 0.288832 0.299948 0.303677 0.299927 0.288792 0.270546 0.24564 0.214687 0.178451 0.137824 0.0938066 0.0474848 
