7.81936e-05 0.000156082 0.00023336 0.000309727 0.000384883 0.000458534 0.000530393 0.000600177 0.000667612 0.000732433 0.000794386 0.000853226 0.00090872 0.00096065 0.00100881 0.00105301 0.00109307 0.00112884 0.00116016 0.00118692 0.00120901 0.00122634 0.00123883 0.00124644 0.00124913 0.00124689 0.00123973 0.00122767 0.00121077 0.00118907 0.00116267 0.00113167 0.00109619 0.00105636 0.00101235 0.000964332 0.000912483 0.000857012 0.000798138 0.000736092 0.000671119 0.000603475 0.000533427 0.000461253 0.000387237 0.000311673 0.000234861 0.000157104 7.87134e-05 
0.000314195 0.000627157 0.000937656 0.00124447 0.0015464 0.00184226 0.00213088 0.00241112 0.00268189 0.00294212 0.00319078 0.00342689 0.00364952 0.00385779 0.00405088 0.00422802 0.00438851 0.00453172 0.00465708 0.00476408 0.0048523 0.0049214 0.00497108 0.00500116 0.0050115 0.00500207 0.00497289 0.00492407 0.00485581 0.00476837 0.00466209 0.00453739 0.00439475 0.00423473 0.00405797 0.00386515 0.00365705 0.00343446 0.00319828 0.00294944 0.00268891 0.00241772 0.00213695 0.0018477 0.00155112 0.00124837 0.000940665 0.000629209 0.000315239 
0.000707995 0.00141321 0.00211286 0.0028042 0.00348451 0.00415111 0.00480138 0.00543275 0.00604274 0.00662895 0.00718906 0.00772087 0.00822227 0.00869129 0.00912607 0.00952489 0.00988618 0.0102085 0.0104906 0.0107313 0.0109297 0.011085 0.0111966 0.011264 0.0112869 0.0112654 0.0111993 0.011089 0.010935 0.0107378 0.0104981 0.010217 0.00989553 0.00953496 0.00913671 0.00870234 0.00823357 0.00773224 0.00720033 0.00663995 0.00605329 0.00544267 0.00481051 0.00415929 0.0034916 0.00281007 0.00211739 0.0014163 0.000709569 
0.00125955 0.00251415 0.00375884 0.00498874 0.006199 0.00738485 0.00854162 0.00966475 0.0107498 0.0117926 0.0127888 0.0137347 0.0146265 0.0154606 0.0162338 0.0169431 0.0175855 0.0181586 0.0186601 0.019088 0.0194406 0.0197165 0.0199147 0.0200343 0.0200748 0.0200361 0.0199183 0.0197219 0.0194476 0.0190966 0.0186701 0.0181699 0.017598 0.0169565 0.016248 0.0154754 0.0146416 0.0137499 0.0128039 0.0118072 0.0107639 0.009678 0.00855381 0.00739578 0.00620848 0.00499659 0.0037649 0.00251829 0.00126166 
0.00196876 0.00392976 0.00587528 0.00779767 0.00968933 0.0115428 0.0133509 0.0151063 0.0168022 0.0184319 0.019989 0.0214672 0.0228609 0.0241645 0.0253728 0.0264811 0.0274849 0.0283804 0.0291639 0.0298324 0.0303833 0.0308142 0.0311236 0.0313102 0.0313733 0.0313125 0.0311281 0.0308209 0.030392 0.0298431 0.0291764 0.0283945 0.0275005 0.0264978 0.0253905 0.0241829 0.0228797 0.0214862 0.0200078 0.0184502 0.0168198 0.0151229 0.0133661 0.0115565 0.00970121 0.00780751 0.00588289 0.00393496 0.00197141 
0.00283538 0.00565959 0.00846149 0.0112301 0.0139544 0.0166237 0.0192275 0.0217556 0.0241979 0.0265448 0.0287871 0.0309159 0.0329229 0.0348 0.0365399 0.0381358 0.0395812 0.0408705 0.0419987 0.0429611 0.0437541 0.0443745 0.0448198 0.0450882 0.0451787 0.0450909 0.0448251 0.0443825 0.0437646 0.0429739 0.0420136 0.0408875 0.0395998 0.0381558 0.0365611 0.034822 0.0329454 0.0309386 0.0288096 0.0265668 0.024219 0.0217755 0.0192459 0.0166402 0.0139687 0.0112419 0.00847065 0.00566585 0.00283858 
0.003859 0.00770279 0.0115162 0.0152843 0.0189921 0.022625 0.0261688 0.0296094 0.0329333 0.0361274 0.039179 0.0420762 0.0448075 0.0473621 0.0497299 0.0519015 0.0538685 0.055623 0.0571581 0.0584678 0.0595467 0.0603907 0.0609965 0.0613615 0.0614844 0.0613647 0.0610027 0.0604 0.0595589 0.0584827 0.0571756 0.0556427 0.0538902 0.0519249 0.0497545 0.0473877 0.0448337 0.0421026 0.0392053 0.036153 0.0329579 0.0296326 0.0261902 0.0226442 0.0190087 0.0152981 0.0115269 0.00771012 0.00386274 
0.00503893 0.010058 0.0150374 0.0199576 0.024799 0.0295427 0.03417 0.0386625 0.0430026 0.0471732 0.0511577 0.0549406 0.0585067 0.0618422 0.0649337 0.0677692 0.0703373 0.072628 0.0746321 0.0763419 0.0777504 0.0788522 0.0796428 0.0801192 0.0802794 0.0801228 0.0796499 0.0788627 0.0777643 0.0763588 0.0746519 0.0726503 0.0703619 0.0677957 0.0649618 0.0618714 0.0585366 0.0549707 0.0511876 0.0472024 0.0430307 0.038689 0.0341944 0.0295647 0.0248181 0.0199734 0.0150497 0.0100664 0.00504322 
0.00637412 0.0127231 0.0190219 0.0252458 0.0313701 0.0373707 0.043224 0.0489068 0.0543968 0.0596723 0.0647125 0.0694975 0.0740084 0.0782274 0.0821379 0.0857244 0.0889727 0.0918701 0.094405 0.0965675 0.0983489 0.0997423 0.100742 0.101344 0.101547 0.101348 0.10075 0.0997541 0.0983644 0.0965864 0.0944271 0.0918951 0.0890003 0.0857541 0.0821693 0.0782601 0.0740418 0.0695312 0.064746 0.059705 0.0544282 0.0489364 0.0432513 0.0373953 0.0313915 0.0252635 0.0190357 0.0127326 0.00637895 
0.00786303 0.0156951 0.0234652 0.0311428 0.0386976 0.0460999 0.0533203 0.0603305 0.0671028 0.0736105 0.0798278 0.0857304 0.0912947 0.096499 0.101323 0.105747 0.109753 0.113327 0.116454 0.119121 0.121319 0.123037 0.12427 0.125013 0.125262 0.125017 0.124279 0.12305 0.121336 0.119142 0.116478 0.113355 0.109784 0.105779 0.101357 0.096535 0.0913316 0.0857675 0.0798647 0.0736466 0.0671375 0.0603633 0.0533506 0.0461271 0.0387213 0.0311625 0.0234805 0.0157055 0.0078684 
0.00950353 0.0189696 0.0283608 0.0376403 0.0467713 0.0557178 0.0644446 0.0729173 0.0811024 0.0889676 0.096482 0.103616 0.110341 0.116631 0.122461 0.127807 0.13265 0.136969 0.140748 0.143971 0.146627 0.148703 0.150193 0.151091 0.151392 0.151096 0.150203 0.148718 0.146645 0.143994 0.140774 0.136999 0.132683 0.127843 0.122498 0.11667 0.110381 0.103656 0.0965222 0.089007 0.0811402 0.072953 0.0644776 0.0557475 0.0467971 0.0376618 0.0283776 0.0189811 0.00950942 
0.0112928 0.022541 0.0337003 0.0447267 0.0555768 0.0662076 0.0765773 0.0866451 0.0963711 0.105717 0.114646 0.123123 0.131114 0.138587 0.145514 0.151867 0.157621 0.162753 0.167243 0.171073 0.174228 0.176696 0.178466 0.179532 0.17989 0.179537 0.178476 0.176711 0.174248 0.171098 0.167272 0.162786 0.157657 0.151906 0.145555 0.13863 0.131157 0.123166 0.114689 0.105759 0.0964119 0.0866836 0.076613 0.0662397 0.0556047 0.04475 0.0337184 0.0225534 0.0112991 
0.0132269 0.0264017 0.0394723 0.0523873 0.0650956 0.0775472 0.089693 0.101485 0.112877 0.123823 0.134281 0.144209 0.153569 0.162323 0.170436 0.177877 0.184616 0.190627 0.195885 0.200371 0.204066 0.206956 0.209029 0.210277 0.210696 0.210283 0.20904 0.206972 0.204087 0.200397 0.195916 0.190661 0.184654 0.177918 0.170479 0.162368 0.153615 0.144256 0.134327 0.123868 0.11292 0.101526 0.0897311 0.0775816 0.0651256 0.0524122 0.0394917 0.0264151 0.0132338 
0.0153012 0.0305421 0.0456625 0.0606028 0.0753041 0.0897084 0.103759 0.1174 0.130578 0.143241 0.155339 0.166824 0.177651 0.187777 0.197163 0.20577 0.213566 0.220519 0.226602 0.231791 0.236065 0.239408 0.241806 0.24325 0.243733 0.243255 0.241817 0.239425 0.236087 0.231818 0.226634 0.220555 0.213606 0.205813 0.197208 0.187825 0.1777 0.166873 0.155388 0.143289 0.130624 0.117444 0.103799 0.0897449 0.0753359 0.0606294 0.0456832 0.0305563 0.0153085 
0.0175096 0.0349502 0.0522529 0.0693495 0.0861725 0.102656 0.118734 0.134344 0.149424 0.163914 0.177758 0.190901 0.20329 0.214877 0.225617 0.235467 0.244387 0.252343 0.259304 0.265241 0.270132 0.273957 0.276701 0.278353 0.278906 0.278359 0.276713 0.273975 0.270156 0.26527 0.259338 0.252381 0.244429 0.235512 0.225665 0.214927 0.203341 0.190952 0.177809 0.163964 0.149472 0.13439 0.118776 0.102694 0.086206 0.0693774 0.0522747 0.0349652 0.0175174 
0.0198447 0.0396111 0.0592212 0.0785977 0.0976642 0.116345 0.134568 0.152259 0.16935 0.185773 0.201463 0.216358 0.230399 0.243532 0.255703 0.266866 0.276976 0.285993 0.293881 0.30061 0.306153 0.310487 0.313597 0.315469 0.316096 0.315475 0.313609 0.310506 0.306177 0.30064 0.293916 0.286032 0.277019 0.266913 0.255753 0.243583 0.230452 0.216411 0.201516 0.185825 0.169401 0.152307 0.134612 0.116386 0.0976992 0.078627 0.059244 0.0396268 0.0198528 
0.0222973 0.0445067 0.0665405 0.0883118 0.109735 0.130725 0.151199 0.171077 0.19028 0.208732 0.226361 0.243097 0.258874 0.273629 0.287305 0.299847 0.311206 0.321337 0.3302 0.33776 0.343987 0.348857 0.352351 0.354454 0.355158 0.35446 0.352364 0.348877 0.344013 0.337791 0.330236 0.321377 0.311251 0.299895 0.287356 0.273682 0.258928 0.243152 0.226416 0.208786 0.190332 0.171126 0.151245 0.130766 0.109771 0.0883421 0.0665641 0.044523 0.0223057 
0.0248568 0.0496155 0.0741785 0.0984489 0.122331 0.14573 0.168555 0.190714 0.212121 0.232692 0.252344 0.271 0.288588 0.305037 0.320282 0.334263 0.346926 0.35822 0.3681 0.376527 0.383469 0.388898 0.392792 0.395136 0.39592 0.395142 0.392805 0.388917 0.383495 0.376559 0.368136 0.358261 0.346972 0.334313 0.320334 0.305091 0.288644 0.271057 0.2524 0.232747 0.212175 0.190765 0.168602 0.145773 0.122368 0.09848 0.0742028 0.0496323 0.0248655 
0.0275103 0.054912 0.0820971 0.108958 0.13539 0.161287 0.186548 0.211073 0.234765 0.257531 0.279281 0.299929 0.319394 0.337598 0.35447 0.369944 0.383958 0.396457 0.407392 0.416719 0.424401 0.430409 0.434718 0.437312 0.43818 0.437319 0.434731 0.430429 0.424427 0.41675 0.407429 0.396499 0.384005 0.369994 0.354524 0.337653 0.31945 0.299987 0.279338 0.257587 0.234819 0.211124 0.186596 0.16133 0.135428 0.10899 0.0821219 0.0549292 0.0275192 
0.0302428 0.0603664 0.0902517 0.119781 0.148838 0.177307 0.205077 0.232038 0.258084 0.283111 0.307021 0.32972 0.351118 0.37113 0.389678 0.406688 0.422094 0.435834 0.447855 0.458108 0.466553 0.473157 0.477894 0.480745 0.481699 0.480752 0.477907 0.473177 0.466579 0.458139 0.447892 0.435877 0.422141 0.406739 0.389731 0.371186 0.351175 0.329778 0.307079 0.283168 0.258139 0.23209 0.205126 0.177351 0.148876 0.119813 0.0902769 0.0603838 0.0302519 
0.0330373 0.0659443 0.098591 0.130849 0.16259 0.19369 0.224026 0.253478 0.28193 0.30927 0.335389 0.360185 0.38356 0.405421 0.425683 0.444264 0.461093 0.476103 0.489233 0.500433 0.509659 0.516873 0.522047 0.525161 0.526203 0.525168 0.52206 0.516892 0.509685 0.500465 0.489271 0.476145 0.46114 0.444315 0.425736 0.405477 0.383617 0.360243 0.335447 0.309327 0.281985 0.253531 0.224075 0.193734 0.162629 0.130881 0.0986163 0.0659618 0.0330464 
0.0358739 0.0716063 0.107056 0.142084 0.17655 0.210321 0.243261 0.275242 0.306137 0.335823 0.364185 0.39111 0.416491 0.440229 0.46223 0.482407 0.500681 0.516978 0.531236 0.543397 0.553414 0.561248 0.566866 0.570247 0.571378 0.570254 0.566879 0.561267 0.55344 0.543429 0.531273 0.51702 0.500727 0.482457 0.462283 0.440284 0.416548 0.391167 0.364242 0.33588 0.306191 0.275294 0.243309 0.210364 0.176589 0.142116 0.107081 0.0716238 0.035883 
0.0387303 0.0773079 0.11558 0.153397 0.190608 0.227067 0.262631 0.297158 0.330512 0.362562 0.393182 0.422251 0.449653 0.475281 0.499033 0.520816 0.540545 0.55814 0.573532 0.586662 0.597476 0.605932 0.611997 0.615647 0.616868 0.615654 0.61201 0.605951 0.597501 0.586692 0.573568 0.55818 0.540589 0.520865 0.499085 0.475335 0.449708 0.422307 0.393238 0.362618 0.330565 0.297208 0.262678 0.22711 0.190646 0.153429 0.115605 0.0773252 0.0387393 
0.0415816 0.0829991 0.124089 0.16469 0.20464 0.243783 0.281965 0.319033 0.354843 0.389253 0.422126 0.453335 0.482754 0.510268 0.535769 0.559156 0.580336 0.599226 0.615751 0.629847 0.641457 0.650535 0.657046 0.660965 0.662275 0.660971 0.657059 0.650553 0.641481 0.629876 0.615786 0.599265 0.580379 0.559202 0.535819 0.51032 0.482807 0.453389 0.422181 0.389306 0.354895 0.319083 0.282011 0.243825 0.204677 0.16472 0.124113 0.083016 0.0415904 
0.0443998 0.0886244 0.132499 0.175851 0.21851 0.260306 0.301075 0.340655 0.378892 0.415634 0.450735 0.484058 0.515471 0.54485 0.572079 0.59705 0.619665 0.639835 0.65748 0.672531 0.684927 0.694621 0.701573 0.705757 0.707155 0.705763 0.701585 0.694638 0.68495 0.672559 0.657514 0.639873 0.619707 0.597095 0.572127 0.5449 0.515523 0.484111 0.450788 0.415685 0.378942 0.340703 0.301119 0.260346 0.218545 0.175881 0.132523 0.0886407 0.0444083 
0.0471543 0.0941225 0.140719 0.186761 0.232066 0.276455 0.319753 0.361789 0.402398 0.441419 0.478698 0.514088 0.547449 0.578651 0.607568 0.634088 0.658106 0.679527 0.698267 0.71425 0.727416 0.73771 0.745093 0.749536 0.751021 0.749542 0.745104 0.737727 0.727437 0.714277 0.698298 0.679563 0.658146 0.634131 0.607613 0.578698 0.547498 0.514137 0.478747 0.441467 0.402445 0.361834 0.319795 0.276493 0.232099 0.186789 0.140742 0.0941382 0.0471625 
0.0498117 0.0994269 0.14865 0.197286 0.245144 0.292034 0.337772 0.382178 0.425075 0.466295 0.505674 0.543059 0.5783 0.611259 0.641806 0.669821 0.695192 0.71782 0.737615 0.754499 0.768406 0.77928 0.787079 0.791771 0.793339 0.791777 0.787089 0.779295 0.768426 0.754524 0.737644 0.717853 0.695228 0.66986 0.641848 0.611303 0.578345 0.543105 0.50572 0.46634 0.425119 0.38222 0.337812 0.29207 0.245175 0.197313 0.148671 0.0994416 0.0498194 
0.0523359 0.104465 0.156182 0.207283 0.257566 0.306833 0.354889 0.401544 0.446615 0.489923 0.531298 0.570577 0.607604 0.642233 0.674328 0.703762 0.730418 0.754192 0.77499 0.792729 0.80734 0.818765 0.826959 0.831889 0.833536 0.831894 0.826968 0.818779 0.807358 0.792752 0.775016 0.754222 0.730451 0.703798 0.674366 0.642273 0.607645 0.570619 0.531341 0.489965 0.446655 0.401583 0.354925 0.306866 0.257596 0.207308 0.156202 0.104479 0.0523431 
0.0546882 0.109161 0.163202 0.2166 0.269143 0.320624 0.370839 0.419591 0.466688 0.511943 0.555177 0.596221 0.634912 0.671097 0.704634 0.735391 0.763245 0.788087 0.809819 0.828356 0.843623 0.855561 0.864122 0.869274 0.870995 0.869278 0.864131 0.855573 0.843639 0.828376 0.809843 0.788114 0.763275 0.735423 0.704669 0.671133 0.634949 0.596259 0.555215 0.51198 0.466724 0.419626 0.370872 0.320654 0.269169 0.216622 0.16322 0.109173 0.0546947 
0.0568276 0.113431 0.169587 0.225073 0.279672 0.333166 0.385346 0.436006 0.484945 0.53197 0.576895 0.619545 0.659749 0.69735 0.732198 0.764157 0.793101 0.818915 0.841497 0.860758 0.876622 0.889027 0.897923 0.903275 0.905063 0.903279 0.89793 0.889037 0.876636 0.860775 0.841517 0.818938 0.793127 0.764186 0.732228 0.697381 0.659781 0.619578 0.576929 0.532003 0.484977 0.436037 0.385375 0.333193 0.279695 0.225093 0.169603 0.113442 0.0568335 
0.0587113 0.117191 0.175208 0.232534 0.288942 0.34421 0.398119 0.450458 0.501019 0.549602 0.596017 0.64008 0.681616 0.720463 0.756467 0.789485 0.819388 0.846057 0.869387 0.889286 0.905676 0.918491 0.927682 0.933211 0.935058 0.933214 0.927688 0.9185 0.905688 0.889301 0.869404 0.846076 0.81941 0.789509 0.756492 0.72049 0.681644 0.640108 0.596045 0.54963 0.501046 0.450484 0.398144 0.344233 0.288962 0.232551 0.175222 0.117201 0.0587164 
0.0602948 0.120352 0.179934 0.238805 0.296735 0.353493 0.408857 0.462607 0.514531 0.564425 0.612091 0.657342 0.699999 0.739893 0.776867 0.810776 0.841485 0.868873 0.892832 0.913267 0.930099 0.943259 0.952697 0.958376 0.960272 0.958378 0.952702 0.943267 0.930108 0.913279 0.892846 0.868889 0.841502 0.810795 0.776888 0.739915 0.700021 0.657365 0.612114 0.564448 0.514553 0.462628 0.408877 0.353512 0.296752 0.23882 0.179945 0.12036 0.0602991 
0.0615326 0.122822 0.183628 0.243708 0.302827 0.36075 0.41725 0.472104 0.525094 0.576012 0.624657 0.670836 0.714369 0.755082 0.792815 0.827419 0.858758 0.886708 0.911159 0.932013 0.94919 0.962621 0.972252 0.978047 0.979981 0.978048 0.972256 0.962626 0.949197 0.932022 0.911169 0.88672 0.858771 0.827434 0.79283 0.755098 0.714386 0.670854 0.624674 0.576029 0.525111 0.47212 0.417266 0.360765 0.30284 0.243719 0.183637 0.122829 0.0615361 
0.0623791 0.124512 0.186154 0.247061 0.306993 0.365713 0.42299 0.478598 0.532317 0.583935 0.633249 0.680064 0.724195 0.765468 0.80372 0.8388 0.87057 0.898904 0.923691 0.944832 0.962244 0.975859 0.985623 0.991497 0.993458 0.991498 0.985625 0.975863 0.962249 0.944838 0.923697 0.898912 0.870579 0.83881 0.80373 0.765479 0.724206 0.680076 0.633261 0.583948 0.532329 0.47861 0.423001 0.365723 0.307002 0.247069 0.18616 0.124517 0.0623817 
0.062789 0.12533 0.187377 0.248684 0.309009 0.368116 0.425769 0.481742 0.535814 0.587771 0.637409 0.684531 0.728952 0.770496 0.808999 0.844309 0.876288 0.904808 0.929757 0.951036 0.968563 0.982267 0.992095 0.998007 0.99998 0.998007 0.992096 0.982269 0.968565 0.951039 0.92976 0.904811 0.876292 0.844314 0.809004 0.770501 0.728958 0.684538 0.637416 0.587778 0.535821 0.481749 0.425776 0.368122 0.309015 0.248689 0.187381 0.125333 0.0627906 
0.0627182 0.125189 0.187165 0.248403 0.308661 0.3677 0.425289 0.481199 0.53521 0.587108 0.63669 0.683759 0.728129 0.769626 0.808085 0.843356 0.875298 0.903785 0.928706 0.949961 0.967468 0.981156 0.990972 0.996877 0.998848 0.996877 0.990972 0.981156 0.967468 0.949961 0.928706 0.903785 0.875298 0.843356 0.808086 0.769626 0.72813 0.68376 0.636691 0.58711 0.535211 0.481201 0.425291 0.367702 0.308663 0.248405 0.187167 0.12519 0.0627189 
0.0621251 0.124005 0.185396 0.246054 0.305742 0.364223 0.421267 0.476648 0.530148 0.581556 0.630669 0.677293 0.721243 0.762348 0.800443 0.83538 0.867019 0.895237 0.919922 0.940976 0.958317 0.971876 0.981599 0.987448 0.9894 0.987447 0.981597 0.971874 0.958315 0.940973 0.919919 0.895234 0.867015 0.835376 0.800439 0.762343 0.721239 0.677289 0.630665 0.581553 0.530145 0.476646 0.421265 0.364222 0.305741 0.246053 0.185395 0.124005 0.062125 
0.0609717 0.121703 0.181953 0.241486 0.300066 0.357461 0.413446 0.467799 0.520305 0.570759 0.618959 0.664717 0.707852 0.748193 0.785581 0.819868 0.850921 0.878614 0.902841 0.923504 0.940522 0.953829 0.963371 0.969111 0.971027 0.96911 0.963369 0.953825 0.940518 0.923498 0.902834 0.878607 0.850913 0.81986 0.785572 0.748184 0.707843 0.664709 0.618951 0.570751 0.520298 0.467792 0.413439 0.357456 0.300061 0.241482 0.181951 0.121701 0.0609708 
0.0592244 0.118215 0.176739 0.234566 0.291467 0.347217 0.401597 0.454393 0.505395 0.554402 0.601221 0.645668 0.687566 0.726751 0.763067 0.796372 0.826534 0.853434 0.876966 0.897037 0.913567 0.926492 0.935761 0.941336 0.943197 0.941335 0.935758 0.926487 0.913561 0.897029 0.876957 0.853424 0.826524 0.796361 0.763055 0.726738 0.687553 0.645655 0.601209 0.55439 0.505383 0.454382 0.401588 0.347209 0.291459 0.23456 0.176735 0.118212 0.0592228 
0.0568559 0.113487 0.169671 0.225185 0.27981 0.333331 0.385536 0.43622 0.485182 0.53223 0.577176 0.619845 0.660068 0.697685 0.732549 0.764522 0.793477 0.819301 0.841892 0.86116 0.877029 0.889437 0.898334 0.903687 0.905472 0.903685 0.89833 0.889431 0.877021 0.861151 0.841881 0.819289 0.793464 0.764508 0.732534 0.69767 0.660052 0.619829 0.57716 0.532214 0.485167 0.436206 0.385524 0.33332 0.2798 0.225177 0.169665 0.113483 0.0568537 
0.053846 0.107479 0.160689 0.213264 0.264997 0.315685 0.365126 0.413127 0.459497 0.504053 0.546621 0.587031 0.625124 0.66075 0.693768 0.724048 0.75147 0.775927 0.797321 0.815569 0.830598 0.842349 0.850775 0.855844 0.857535 0.855841 0.850771 0.842342 0.830589 0.815558 0.797309 0.775913 0.751455 0.724031 0.69375 0.660731 0.625105 0.587012 0.546602 0.504035 0.45948 0.41311 0.365111 0.315671 0.264985 0.213254 0.160681 0.107474 0.0538432 
0.0501834 0.100169 0.149759 0.198758 0.246972 0.294212 0.340291 0.385026 0.428242 0.469768 0.50944 0.547101 0.582603 0.615806 0.646578 0.674798 0.700355 0.723148 0.743087 0.760094 0.7741 0.785051 0.792905 0.797628 0.799204 0.797626 0.7929 0.785044 0.774091 0.760082 0.743074 0.723133 0.700339 0.67478 0.646559 0.615786 0.582583 0.547081 0.50942 0.469748 0.428223 0.385008 0.340274 0.294197 0.246959 0.198747 0.14975 0.100163 0.0501803 
0.0458672 0.0915534 0.136878 0.181663 0.225731 0.268907 0.311023 0.351911 0.39141 0.429364 0.465624 0.500046 0.532494 0.562841 0.590966 0.616759 0.640118 0.660951 0.679175 0.694718 0.70752 0.717529 0.724707 0.729024 0.730464 0.729022 0.724702 0.717522 0.70751 0.694707 0.679161 0.660935 0.640101 0.616741 0.590947 0.562821 0.532473 0.500025 0.465603 0.429344 0.39139 0.351892 0.311005 0.268892 0.225717 0.181651 0.136869 0.0915471 0.045864 
0.040908 0.0816545 0.122079 0.162021 0.201324 0.239833 0.277394 0.313861 0.34909 0.38294 0.415279 0.445979 0.474919 0.501985 0.527069 0.550073 0.570907 0.589487 0.60574 0.619603 0.63102 0.639947 0.646349 0.650199 0.651484 0.650197 0.646344 0.63994 0.631011 0.619592 0.605727 0.589472 0.57089 0.550056 0.52705 0.501965 0.474899 0.445959 0.415259 0.38292 0.34907 0.313843 0.277377 0.239817 0.20131 0.16201 0.12207 0.0816481 0.0409047 
0.0353291 0.0705188 0.10543 0.139926 0.173869 0.207125 0.239565 0.271058 0.301482 0.330717 0.358645 0.385159 0.410152 0.433526 0.45519 0.475057 0.493049 0.509095 0.523132 0.535104 0.544964 0.552674 0.558202 0.561527 0.562636 0.561525 0.558197 0.552667 0.544955 0.535093 0.523119 0.509081 0.493033 0.47504 0.455172 0.433508 0.410133 0.385139 0.358626 0.330698 0.301464 0.271041 0.239548 0.207111 0.173855 0.139915 0.105422 0.0705128 0.035326 
0.0291684 0.0582216 0.0870451 0.115525 0.143549 0.171006 0.197789 0.223791 0.248909 0.273045 0.296104 0.317994 0.338629 0.357927 0.375813 0.392215 0.40707 0.420317 0.431906 0.441791 0.449932 0.456297 0.460861 0.463606 0.464522 0.463604 0.460857 0.456291 0.449924 0.441782 0.431896 0.420305 0.407056 0.3922 0.375797 0.357911 0.338612 0.317977 0.296087 0.273029 0.248893 0.223775 0.197774 0.170993 0.143537 0.115515 0.0870374 0.0582162 0.0291655 
0.0224784 0.044868 0.0670806 0.0890284 0.110625 0.131785 0.152424 0.172463 0.19182 0.21042 0.22819 0.245059 0.260961 0.275834 0.289617 0.302257 0.313705 0.323914 0.332845 0.340462 0.346736 0.351641 0.355159 0.357274 0.35798 0.357273 0.355155 0.351637 0.34673 0.340455 0.332836 0.323904 0.313694 0.302246 0.289604 0.27582 0.260948 0.245046 0.228176 0.210407 0.191807 0.17245 0.152413 0.131774 0.110616 0.0890205 0.0670743 0.0448636 0.0224761 
0.0153277 0.030595 0.0457415 0.0607074 0.0754338 0.0898624 0.103936 0.1176 0.1308 0.143483 0.1556 0.167103 0.177946 0.188088 0.197486 0.206106 0.213911 0.220873 0.226963 0.232157 0.236435 0.23978 0.242178 0.243621 0.244102 0.24362 0.242176 0.239776 0.236431 0.232152 0.226957 0.220866 0.213904 0.206097 0.197477 0.188078 0.177937 0.167093 0.15559 0.143474 0.13079 0.117591 0.103928 0.0898549 0.0754271 0.0607018 0.045737 0.0305918 0.0153261 
0.00780124 0.0155717 0.0232807 0.0308978 0.038393 0.0457366 0.0528997 0.059854 0.0665721 0.0730275 0.0791946 0.0850492 0.0905681 0.0957295 0.100513 0.1049 0.108873 0.112416 0.115516 0.118159 0.120337 0.122039 0.12326 0.123994 0.124239 0.123993 0.123258 0.122037 0.120334 0.118157 0.115512 0.112413 0.108869 0.104896 0.100509 0.0957247 0.0905631 0.0850442 0.0791896 0.0730226 0.0665674 0.0598495 0.0528954 0.0457327 0.0383895 0.0308949 0.0232784 0.0155701 0.00780037 
